/*
*End-fire beamforming weights array created from weight2array python script.
*
*/
#include "beamforming_weights.h"
const float32_t g_f32BeamformingWeightLeftChPara[130] = {
    0.500000, 0.000024, 1.129200, 1.602600, 1.134400, 2.509400, 1.037500, 2.594500, 0.933680, 2.393700, 
    0.839350, 2.139400, 0.759040, 1.903400, 0.700430, 1.697400, 0.656580, 1.522200, 0.620780, 1.374800, 
    0.593460, 1.249200, 0.569380, 1.142900, 0.548320, 1.052000, 0.530640, 0.973140, 0.515780, 0.904200, 
    0.502180, 0.843990, 0.490200, 0.790810, 0.479730, 0.743490, 0.470830, 0.701000, 0.462830, 0.662820, 
    0.455780, 0.628340, 0.449800, 0.596850, 0.447040, 0.566160, 0.445460, 0.537300, 0.443360, 0.511320, 
    0.441620, 0.487260, 0.438950, 0.466090, 0.436900, 0.446200, 0.436750, 0.426080, 0.434830, 0.409340, 
    0.433240, 0.393700, 0.431620, 0.379460, 0.430290, 0.366180, 0.428860, 0.354250, 0.427820, 0.343000, 
    0.426810, 0.332770, 0.425950, 0.323430, 0.425320, 0.314770, 0.425040, 0.306530, 0.424400, 0.299740, 
    0.424250, 0.293130, 0.424150, 0.287240, 0.424210, 0.281910, 0.424250, 0.277410, 0.424410, 0.273420, 
    0.424270, 0.270620, 0.424190, 0.268380, 0.424250, 0.266540, 0.424220, 0.265420, 0.424100, 0.265000, 
    0.423860, 0.265210, 0.423520, 0.265770, 0.423050, 0.266520, 0.422070, 0.268120, 0.420320, 0.270800, 
    0.417950, 0.274500, 0.414790, 0.279190, 0.411860, 0.283570, 0.406710, 0.291010, 0.401900, 0.297510, 
    0.396010, 0.305270, 0.388750, 0.314460, 0.377930, 0.327380, 0.367470, 0.339080, 0.355160, 0.351960
};
    
const float32_t g_f32BeamformingWeightRightChPara[130] = {
    0.500000, 0.000024, -0.281030, -1.940200, -0.414270, -2.722500, -0.439610, -2.759500, -0.417930, -2.535100, 
    -0.375720, -2.267300, -0.329030, -2.022700, -0.293250, -1.812700, -0.265470, -1.636400, -0.241170, -1.489000, 
    -0.222580, -1.365000, -0.205020, -1.260300, -0.188870, -1.171200, -0.175020, -1.094500, -0.163270, -1.028100, 
    -0.151930, -0.970220, -0.141740, -0.919540, -0.132680, -0.874860, -0.124850, -0.835130, -0.117650, -0.799820, 
    -0.111170, -0.768250, -0.105560, -0.739850, -0.103720, -0.713890, -0.103130, -0.690290, -0.101720, -0.669100, 
    -0.100610, -0.649890, -0.098030, -0.632690, -0.096090, -0.617020, -0.096709, -0.602470, -0.094686, -0.589650, 
    -0.092883, -0.577980, -0.090878, -0.567460, -0.089135, -0.557930, -0.087124, -0.549390, -0.085488, -0.541630, 
    -0.083775, -0.534700, -0.082124, -0.528490, -0.080724, -0.522920, -0.079840, -0.517940, -0.078221, -0.513660, 
    -0.077342, -0.509820, -0.076566, -0.506510, -0.076013, -0.503650, -0.075476, -0.501240, -0.075237, -0.499220, 
    -0.074569, -0.497660, -0.074163, -0.496440, -0.074284, -0.495490, -0.074573, -0.494830, -0.075078, -0.494410, 
    -0.075917, -0.494210, -0.077353, -0.493980, -0.079594, -0.493620, -0.081950, -0.493270, -0.084178, -0.492870, 
    -0.086496, -0.492510, -0.088917, -0.492030, -0.093203, -0.491270, -0.095343, -0.490920, -0.100110, -0.489910, 
    -0.105030, -0.488860, -0.109950, -0.487760, -0.111900, -0.487310, -0.117100, -0.486090, -0.122580, -0.484740
};
    
