14442 12640 10322 7820 5447 3662 2746 2783 3761 5579 7994 10474 12820 14537 15411 15274
15349 14373 12543 10191 7680 5370 3618 2709 2768 3830 5717 8099 10604 12864 14571 15412
15252 14138 12245 9854 7324 5116 3445 2636 2887 4047 5999 8460 10956 13178 14783 15427
15133 13937 11935 9513 6984 4763 3250 2611 2981 4290 6333 8814 11325 13462 14941 15489
15011 13659 11577 9095 6640 4542 3108 2635 3108 4542 6678 9157 11652 13721 15110 15447
14890 13382 11229 8765 6282 4280 3008 2653 3268 4789 7013 9550 11977 13951 15158 15469
14742 13116 10896 8405 5983 4031 2856 2650 3441 5108 7403 9910 12276 14175 15281 15411
14570 12823 10529 8034 5643 3811 2768 2714 3616 5390 7746 10254 12587 14385 15375 15344
14348 12550 10214 7671 5342 3621 2685 2765 3850 5700 8063 10605 12881 14576 15442 15280
14151 12234 9817 7327 5078 3384 2664 2897 4087 6010 8481 10995 13255 14780 15448 15159
13906 11899 9477 6948 4759 3268 2642 2994 4304 6346 8796 11299 13468 14913 15479 15016
13650 11596 9131 6623 4541 3106 2609 3126 4572 6696 9183 11657 13732 15036 15466 14900
13402 11259 8758 6272 4232 2957 2645 3295 4839 7027 9519 11970 13980 15190 15437 14732
13164 10914 8371 5942 4004 2842 2658 3457 5124 7370 9929 12314 14169 15254 15395 14540
12848 10565 8012 5645 3825 2790 2753 3626 5416 7766 10279 12582 14394 15360 15342 14366
12545 10170 7662 5336 3577 2713 2796 3869 5732 8116 10647 12877 14577 15405 15265 14145
12219 9841 7332 5026 3444 2686 2878 4050 6050 8478 10959 13208 14756 15449 15172 13923
11900 9447 6946 4785 3248 2634 2986 4290 6364 8856 11316 13465 14894 15464 15047 13680
11586 9116 6610 4503 3097 2618 3113 4570 6716 9214 11668 13704 15050 15472 14874 13402
11227 8762 6302 4260 2986 2641 3294 4822 7033 9568 12009 13967 15184 15436 14741 13129
10876 8392 5978 4040 2848 2674 3437 5080 7382 9884 12292 14184 15304 15397 14558 12854
10527 8002 5643 3798 2774 2725 3622 5398 7718 10248 12636 14440 15368 15338 14342 12539
10200 7667 5318 3618 2710 2820 3858 5690 8086 10598 12916 14624 15442 15243 14139 12214
9846 7276 5050 3386 2672 2886 4094 6049 8477 11016 13204 14754 15424 15152 13904 11923
9462 6904 4744 3249 2640 3012 4337 6378 8840 11312 13451 14920 15496 15038 13630 11562
9083 6590 4489 3087 2624 3128 4567 6671 9214 11707 13751 15097 15479 14860 13390 11228
8749 6301 4273 2964 2620 3286 4856 7042 9568 12009 13969 15202 15450 14708 13122 10894
8387 5960 3998 2865 2676 3472 5153 7376 9917 12341 14217 15292 15384 14558 12842 10568
8014 5635 3791 2743 2699 3653 5425 7746 10310 12644 14385 15368 15347 14361 12498 10164
7640 5317 3604 2728 2778 3836 5739 8130 10632 12914 14608 15427 15236 14121 12217 9815
7336 5004 3382 2673 2878 4087 6045 8496 10997 13219 14754 15465 15167 13888 11882 9468
6940 4783 3249 2618 2977 4340 6393 8829 11306 13482 14951 15454 15042 13659 11532 9072
6625 4480 3130 2632 3128 4580 6705 9180 11715 13749 15057 15452 14903 13393 11233 8762
6284 4265 2958 2607 3321 4835 7015 9578 11993 13970 15190 15456 14696 13127 10880 8354
5937 4004 2876 2682 3446 5144 7389 9939 12312 14212 15281 15428 14555 12810 10506 8014
5614 3791 2755 2738 3671 5410 7730 10272 12636 14415 15346 15331 14362 12554 10154 7633
5341 3602 2709 2792 3848 5742 8117 10593 12933 14614 15401 15246 14132 12232 9797 7274
5078 3418 2621 2909 4104 6052 8468 10975 13195 14751 15436 15184 13918 11866 9445 6949
4768 3235 2638 3024 4304 6384 8844 11322 13462 14944 15468 15012 13646 11598 9114 6597
4498 3092 2641 3143 4552 6718 9191 11652 13726 15060 15484 14890 13388 11257 8710 6250
4265 2975 2634 3270 4834 7022 9562 11990 13981 15183 15428 14712 13134 10898 8384 5938
4028 2864 2658 3490 5102 7389 9942 12297 14176 15278 15424 14576 12812 10544 8026 5609
3774 2770 2731 3641 5440 7747 10272 12602 14384 15380 15350 14324 12509 10196 7668 5350
3569 2691 2812 3872 5729 8110 10619 12902 14612 15442 15276 14129 12208 9832 7325 5047
3332 2641 2909 4098 6034 8470 10998 13210 14752 15440 15184 13927 11908 9457 6930 4763
3255 2668 3007 4309 6357 8847 11300 13490 14924 15468 15040 13682 11574 9078 6601 4515
3083 2601 3126 4593 6682 9190 11678 13736 15043 15485 14891 13417 11234 8715 6271 4259
2962 2606 3286 4855 7041 9566 12005 13952 15180 15455 14714 13100 10912 8396 5932 4026
2848 2657 3462 5133 7382 9896 12304 14186 15292 15412 14542 12825 10528 8012 5620 3809
2789 2713 3625 5408 7762 10306 12635 14418 15339 15355 14368 12511 10189 7647 5318 3621
2707 2776 3836 5718 8099 10651 12924 14581 15394 15256 14146 12215 9805 7282 5048 3454
2652 2872 4096 6056 8490 10984 13203 14736 15476 15180 13917 11902 9430 6944 4773 3258
2652 3002 4308 6351 8812 11324 13476 14966 15443 15003 13656 11592 9108 6618 4487 3088
2634 3148 4593 6679 9185 11682 13756 15040 15456 14875 13424 11219 8711 6273 4237 2980
2642 3294 4846 7032 9552 11992 13987 15173 15432 14746 13123 10882 8350 5941 3985 2859
2690 3466 5106 7401 9937 12298 14214 15295 15414 14530 12844 10536 8006 5618 3789 2757
2732 3673 5432 7752 10268 12594 14426 15384 15355 14347 12544 10157 7624 5326 3605 2718
2808 3825 5704 8122 10646 12940 14608 15405 15268 14113 12209 9819 7292 5013 3392 2684
2904 4066 6015 8500 11012 13207 14763 15434 15156 13924 11912 9443 6916 4778 3232 2600
2990 4316 6380 8855 11326 13458 14919 15493 15024 13640 11516 9086 6606 4497 3076 2600
3151 4600 6707 9178 11664 13739 15086 15471 14880 13358 11253 8728 6259 4253 2977 2634
3307 4850 7075 9567 11974 13994 15182 15464 14745 13099 10851 8347 5922 3985 2834 2682
3472 5151 7413 9907 12326 14216 15309 15392 14530 12821 10523 8018 5648 3794 2779 2735
3619 5409 7775 10313 12642 14429 15368 15336 14320 12519 10167 7648 5339 3588 2687 2764
3866 5766 8146 10630 12923 14611 15422 15257 14095 12210 9823 7344 5042 3394 2637 2904
4083 6077 8556 10989 13193 14767 15448 15167 13915 11884 9438 6938 4748 3225 2624 3010
4304 6377 8822 11332 13467 14914 15460 15044 13656 11572 9061 6582 4502 3103 2589 3124
4573 6715 9224 11678 13736 15092 15452 14882 13384 11228 8727 6274 4216 2939 2645 3307
4872 7050 9565 11998 13956 15189 15446 14710 13110 10896 8333 5921 4011 2870 2700 3430
5124 7424 9956 12316 14198 15305 15404 14507 12785 10527 8009 5637 3763 2795 2758 3639
5426 7796 10319 12665 14408 15331 15318 14353 12501 10170 7661 5325 3590 2701 2796 3856
5737 8156 10642 12919 14586 15400 15235 14111 12188 9774 7328 4980 3387 2666 2894 4109
6065 8480 10975 13193 14786 15461 15154 13896 11879 9404 6930 4726 3228 2650 3034 4358
6402 8862 11370 13484 14929 15476 14986 13619 11546 9074 6568 4488 3079 2616 3149 4573
6734 9225 11662 13753 15085 15490 14874 13336 11195 8673 6277 4211 2964 2654 3313 4859
7075 9604 12046 14009 15186 15458 14696 13086 10852 8322 5925 4005 2866 2665 3493 5167
7424 9937 12356 14222 15293 15400 14497 12801 10511 8006 5607 3752 2774 2736 3675 5466
7790 10302 12635 14433 15359 15319 14310 12523 10148 7623 5316 3563 2697 2828 3884 5746
8140 10646 12928 14633 15432 15232 14109 12222 9784 7261 5011 3405 2683 2886 4083 6061
8504 11008 13198 14790 15467 15169 13865 11874 9420 6914 4750 3243 2629 3025 4338 6392
8860 11378 13463 14940 15497 15014 13607 11540 9083 6605 4489 3056 2618 3164 4631 6738
9209 11696 13736 15069 15462 14882 13387 11224 8717 6238 4234 2972 2651 3280 4846 7091
9615 12049 14016 15192 15440 14707 13107 10857 8341 5906 3971 2846 2658 3478 5179 7447
9955 12402 14245 15307 15405 14539 12795 10576 7948 5582 3782 2791 2721 3642 5431 7786
10336 12655 14412 15360 15351 14322 12479 10128 7608 5271 3553 2694 2830 3892 5770 8187
10646 12938 14630 15421 15240 14140 12190 9746 7277 5032 3417 2639 2909 4090 6039 8512
11031 13233 14790 15451 15125 13899 11850 9401 6901 4736 3233 2656 3004 4338 6415 8871
11363 13490 14948 15482 15005 13613 11536 9074 6565 4449 3090 2625 3176 4599 6743 9251
11690 13725 15111 15488 14860 13348 11219 8699 6206 4236 2972 2660 3299 4858 7078 9617
12020 13992 15218 15462 14713 13081 10852 8347 5917 3973 2865 2680 3481 5142 7418 9978
12348 14232 15296 15372 14518 12805 10464 7976 5607 3782 2752 2702 3681 5450 7801 10305
12652 14426 15349 15328 14356 12471 10136 7628 5318 3592 2680 2810 3896 5738 8145 10678
12931 14604 15402 15236 14107 12161 9792 7296 4984 3382 2660 2917 4084 6045 8543 11002
13227 14761 15458 15159 13864 11873 9438 6925 4759 3217 2591 3025 4384 6388 8852 11384
13500 14924 15450 15013 13630 11553 9066 6551 4443 3089 2646 3164 4589 6733 9236 11685
13743 15076 15463 14854 13361 11166 8693 6250 4258 2977 2657 3307 4859 7073 9606 12041
14014 15211 15436 14697 13097 10856 8314 5896 3986 2862 2667 3460 5155 7430 9974 12332
14218 15313 15403 14506 12785 10520 7958 5602 3770 2796 2728 3652 5462 7812 10343 12661
14441 15349 15334 14294 12483 10156 7612 5276 3544 2715 2824 3887 5758 8150 10656 12929
14604 15443 15267 14112 12160 9760 7253 5021 3380 2643 2903 4146 6091 8515 11002 13214
14807 15477 15115 13867 11872 9414 6911 4750 3200 2606 3022 4372 6380 8862 11373 13491
14957 15464 15017 13643 11545 9065 6551 4439 3062 2619 3153 4613 6746 9264 11712 13763
15096 15477 14894 13369 11195 8702 6222 4191 2940 2652 3331 4889 7104 9606 12024 14000
15172 15450 14688 13090 10852 8326 5902 3962 2856 2682 3488 5186 7455 9973 12324 14216
15284 15376 14510 12762 10478 7973 5608 3774 2737 2703 3679 5465 7824 10334 12670 14461
15384 15318 14325 12473 10111 7564 5293 3585 2693 2792 3895 5800 8174 10671 12945 14645
15445 15246 14078 12180 9797 7215 5013 3362 2662 2893 4098 6090 8532 11068 13262 14771
15451 15159 13857 11844 9397 6892 4716 3217 2622 3039 4349 6380 8919 11373 13519 14976
15463 14998 13538 11496 9045 6538 4468 3097 2598 3157 4648 6765 9233 11696 13756 15101
15487 14880 13346 11166 8680 6241 4237 2963 2652 3328 4888 7102 9598 12055 14004 15207
15457 14698 13059 10823 8314 5912 3998 2850 2656 3493 5186 7462 9970 12359 14242 15270
15385 14526 12777 10490 7944 5559 3778 2773 2734 3676 5474 7794 10352 12688 14436 15348
15352 14332 12474 10102 7584 5266 3578 2707 2798 3874 5787 8202 10705 12952 14630 15447
15253 14080 12122 9741 7212 4986 3378 2642 2894 4115 6085 8549 11030 13255 14780 15472
15142 13868 11845 9364 6884 4741 3203 2623 3052 4384 6454 8922 11382 13498 14950 15484
15013 13584 11528 9041 6560 4470 3063 2612 3163 4601 6797 9263 11741 13782 15078 15459
14830 13317 11153 8658 6234 4203 2958 2664 3304 4884 7127 9653 12052 13998 15206 15449
14694 13038 10824 8258 5868 3962 2846 2684 3528 5178 7457 9967 12384 14238 15270 15400
14520 12770 10452 7949 5582 3765 2771 2739 3675 5456 7791 10331 12674 14433 15402 15311
14323 12466 10128 7582 5264 3533 2698 2823 3920 5797 8157 10688 12980 14632 15401 15206
14091 12187 9761 7229 4972 3368 2646 2930 4177 6131 8567 11051 13230 14810 15466 15126
13845 11817 9404 6893 4723 3190 2609 3037 4370 6452 8912 11410 13524 14959 15486 14992
13587 11471 9024 6549 4461 3065 2603 3165 4654 6764 9251 11704 13764 15091 15472 14860
13320 11150 8666 6214 4180 2932 2632 3318 4923 7131 9609 12048 14012 15221 15451 14712
13067 10807 8267 5865 3961 2859 2668 3501 5183 7452 9992 12364 14220 15279 15389 14500
12763 10468 7960 5545 3764 2720 2723 3690 5476 7845 10368 12698 14470 15382 15305 14277
12456 10109 7577 5274 3551 2710 2812 3914 5829 8222 10701 12970 14608 15411 15211 14067
12135 9710 7206 4949 3349 2626 2911 4094 6124 8546 11082 13279 14816 15470 15100 13832
11822 9390 6869 4684 3187 2631 3034 4380 6467 8928 11419 13511 14946 15479 15016 13573
11467 9012 6544 4426 3087 2595 3148 4631 6842 9302 11757 13774 15082 15452 14836 13341
11168 8630 6184 4167 2966 2634 3329 4908 7130 9620 12089 14022 15236 15454 14674 13070
10768 8265 5878 3975 2851 2708 3504 5205 7495 9996 12370 14255 15319 15391 14482 12751
10432 7938 5550 3746 2757 2731 3687 5473 7851 10392 12700 14457 15384 15338 14313 12427
10074 7567 5286 3546 2686 2814 3907 5822 8228 10736 12998 14628 15418 15211 14056 12137
9728 7215 4962 3349 2624 2912 4194 6139 8563 11084 13259 14814 15476 15136 13834 11793
9355 6840 4703 3221 2602 3033 4390 6496 8929 11396 13533 14976 15511 14992 13589 11465
8981 6537 4447 3039 2622 3185 4667 6799 9278 11767 13806 15085 15468 14832 13323 11119
8637 6169 4195 2945 2652 3341 4898 7142 9679 12090 14055 15209 15423 14660 13034 10778
8272 5874 3977 2856 2684 3498 5208 7524 10004 12374 14273 15327 15377 14490 12734 10416
7918 5577 3739 2756 2738 3720 5524 7866 10387 12676 14449 15384 15342 14301 12436 10065
7530 5240 3557 2683 2801 3890 5795 8234 10758 12972 14654 15411 15207 14086 12155 9715
7213 4937 3330 2649 2912 4165 6161 8573 11065 13288 14824 15483 15153 13825 11796 9345
6868 4688 3204 2631 3058 4400 6443 8946 11421 13582 14970 15472 14978 13572 11461 8990
6470 4416 3066 2640 3191 4668 6823 9333 11743 13770 15079 15436 14842 13303 11122 8629
6194 4186 2912 2637 3326 4960 7169 9693 12098 14060 15238 15427 14674 13034 10794 8232
5817 3958 2852 2671 3517 5207 7504 10060 12427 14266 15277 15399 14504 12718 10405 7905
5545 3712 2742 2733 3733 5521 7859 10368 12710 14463 15400 15344 14296 12456 10056 7548
5233 3554 2701 2844 3945 5843 8237 10740 13004 14667 15428 15215 14034 12092 9670 7164
4932 3364 2604 2942 4182 6168 8622 11111 13308 14802 15449 15101 13779 11763 9334 6837
4689 3210 2637 3061 4434 6498 8986 11442 13556 14958 15466 14976 13540 11432 8954 6460
4416 3058 2637 3181 4682 6837 9312 11758 13804 15106 15499 14820 13282 11114 8586 6148
4141 2916 2620 3369 4952 7190 9729 12109 14082 15298 15451 14672 13020 10770 8245 5796
3926 2809 2664 3520 5216 7542 10078 12437 14300 15307 15379 14459 12715 10401 7882 5532
3739 2757 2766 3717 5513 7880 10398 12714 14494 15390 15326 14280 12425 10043 7509 5229
3501 2682 2853 3963 5869 8264 10752 12988 14652 15434 15151 14031 12093 9652 7145 4909
3349 2638 2968 4156 6137 8629 11136 13303 14818 15431 15078 13777 11758 9303 6837 4632
3185 2615 3030 4414 6488 8985 11464 13580 15001 15503 14968 13526 11420 8946 6474 4389
3010 2612 3222 4700 6865 9338 11786 13825 15148 15482 14814 13268 11080 8584 6164 4150
2941 2662 3333 4937 7192 9714 12147 14083 15226 15433 14645 13012 10708 8201 5809 3892
2807 2683 3497 5225 7540 10062 12448 14278 15295 15374 14453 12732 10396 7844 5491 3694
2719 2747 3758 5566 7916 10458 12782 14500 15414 15329 14272 12424 10032 7480 5187 3500
2662 2829 3946 5828 8252 10779 13025 14660 15455 15224 14034 12080 9652 7152 4912 3304
2645 2935 4154 6176 8627 11144 13326 14868 15479 15095 13801 11771 9293 6809 4654 3186
2610 3060 4444 6527 9024 11463 13570 14972 15487 14974 13557 11403 8921 6446 4386 3044
2640 3196 4684 6846 9358 11795 13870 15137 15486 14804 13253 11063 8535 6104 4171 2928
2660 3363 4953 7192 9727 12138 14072 15233 15432 14641 12974 10740 8218 5822 3895 2803
2702 3544 5270 7567 10072 12455 14310 15343 15382 14469 12692 10340 7837 5486 3718 2749
2764 3720 5559 7895 10430 12740 14498 15378 15296 14222 12365 9950 7479 5206 3514 2681
2809 3940 5872 8288 10818 13050 14686 15430 15221 14043 12086 9667 7146 4919 3316 2626
2958 4229 6185 8636 11152 13319 14854 15478 15077 13754 11744 9297 6760 4609 3172 2627
3077 4431 6505 9004 11495 13619 15026 15460 14938 13511 11393 8946 6443 4373 3020 2592
3191 4716 6885 9323 11791 13881 15109 15464 14817 13280 11081 8566 6108 4115 2908 2616
3369 4962 7231 9740 12132 14056 15255 15442 14660 12984 10724 8203 5796 3918 2792 2681
3551 5270 7572 10100 12458 14280 15322 15360 14450 12686 10364 7846 5479 3693 2712 2742
3750 5576 7926 10452 12760 14520 15398 15320 14242 12340 9983 7434 5165 3510 2687 2831
3966 5859 8271 10792 13046 14735 15446 15218 14012 12064 9614 7101 4853 3299 2670 2994
4225 6196 8647 11168 13353 14874 15478 15094 13798 11758 9262 6768 4620 3158 2638 3078
4449 6565 9055 11513 13585 14988 15490 14953 13531 11406 8903 6428 4344 3046 2624 3212
4691 6847 9368 11817 13832 15118 15465 14769 13243 11022 8519 6081 4122 2923 2622 3353
4956 7229 9786 12181 14106 15267 15459 14634 12992 10712 8213 5803 3908 2828 2704 3571
5282 7577 10113 12454 14318 15350 15379 14456 12644 10326 7804 5439 3710 2751 2750 3760
5558 7938 10485 12789 14497 15389 15279 14214 12384 10004 7468 5188 3500 2696 2860 3998
5884 8290 10831 13066 14689 15455 15230 14027 12054 9618 7105 4859 3314 2617 2934 4224
6221 8696 11176 13386 14879 15477 15064 13737 11706 9240 6749 4595 3169 2610 3059 4450
6545 9048 11508 13603 14993 15461 14965 13492 11364 8898 6437 4374 3019 2632 3242 4750
6932 9423 11857 13888 15158 15472 14795 13250 11024 8524 6059 4090 2897 2667 3371 5003
7280 9796 12190 14120 15245 15429 14627 12945 10655 8138 5756 3905 2821 2717 3602 5326
7635 10144 12494 14325 15307 15354 14427 12678 10311 7813 5455 3691 2751 2779 3761 5590
7974 10495 12812 14512 15404 15266 14198 12317 9937 7411 5127 3463 2693 2870 4006 5940
8360 10865 13109 14696 15429 15186 13978 11982 9550 7064 4842 3286 2620 2934 4211 6227
8712 11212 13380 14869 15446 15064 13734 11674 9210 6750 4599 3153 2602 3076 4478 6611
9085 11519 13626 15028 15483 14916 13478 11369 8863 6440 4351 3025 2607 3203 4752 6916
9452 11893 13885 15125 15445 14762 13218 11016 8507 6074 4079 2877 2653 3382 5054 7274
9813 12235 14142 15258 15416 14626 12944 10637 8154 5768 3895 2795 2700 3550 5306 7650
10165 12540 14349 15309 15348 14425 12658 10308 7792 5433 3675 2708 2738 3782 5617 8011
10528 12818 14527 15381 15300 14199 12309 9937 7376 5122 3453 2656 2872 4015 5948 8330
10849 13100 14740 15469 15170 13957 12011 9601 7052 4858 3286 2636 2993 4239 6241 8722
11209 13386 14862 15452 15085 13762 11672 9216 6722 4566 3156 2637 3084 4471 6592 9064
11558 13622 14994 15477 14938 13486 11336 8853 6393 4308 2983 2626 3253 4693 6901 9428
11903 13910 15148 15439 14796 13223 10994 8488 6065 4076 2922 2676 3398 5021 7316 9854
12193 14107 15267 15425 14599 12935 10608 8124 5750 3893 2797 2697 3570 5328 7641 10197
12532 14344 15350 15340 14405 12621 10276 7778 5431 3629 2702 2788 3828 5607 7986 10528
12843 14530 15384 15249 14181 12325 9944 7411 5159 3466 2688 2844 3998 5933 8338 10880
13124 14740 15462 15192 13956 11999 9554 7035 4844 3318 2633 2966 4232 6240 8729 11214
13419 14898 15493 15094 13739 11670 9214 6686 4560 3123 2600 3071 4501 6632 9107 11584
13680 15033 15472 14919 13439 11341 8860 6374 4312 3000 2623 3268 4760 6963 9442 11892
13884 15134 15453 14745 13220 11002 8471 6027 4094 2926 2647 3394 5036 7324 9823 12209
14116 15240 15430 14595 12923 10616 8096 5727 3876 2812 2716 3565 5341 7647 10192 12558
14380 15324 15336 14369 12597 10263 7729 5399 3626 2704 2781 3806 5660 8016 10551 12841
14574 15421 15286 14169 12280 9911 7389 5115 3465 2691 2850 4023 5958 8376 10896 13146
14731 15462 15179 13982 11967 9564 7027 4850 3268 2621 2944 4252 6273 8729 11226 13387
14889 15466 15057 13713 11638 9180 6701 4593 3149 2642 3115 4526 6636 9122 11567 13682
15006 15466 14913 13474 11326 8818 6339 4297 2983 2612 3220 4744 6951 9486 11931 13928
15165 15469 14768 13196 10989 8454 6009 4051 2868 2674 3444 5048 7303 9822 12250 14172
15263 15426 14584 12888 10595 8100 5728 3855 2804 2716 3604 5371 7682 10206 12562 14379
15370 15375 14412 12612 10264 7747 5420 3648 2732 2810 3834 5689 8052 10576 12878 14536
15389 15278 14165 12280 9901 7375 5083 3467 2680 2863 4030 5952 8369 10903 13107 14758
15467 15174 13930 11972 9520 7020 4828 3295 2636 2968 4270 6321 8757 11250 13404 14875
15506 15056 13697 11645 9125 6666 4570 3151 2614 3086 4510 6636 9132 11598 13682 15009
15455 14948 13466 11308 8804 6348 4316 3015 2684 3252 4773 6990 9502 11906 13911 15180
15466 14746 13212 10950 8452 6031 4046 2905 2692 3456 5070 7348 9862 12240 14162 15270
15416 14544 12878 10614 8084 5682 3831 2812 2723 3537 5339 7707 10221 12560 14342 15344
15360 14394 12574 10236 7710 5376 3660 2735 2757 3811 5652 8017 10553 12841 14534 15404
15278 14178 12290 9884 7394 5111 3455 2690 2906 4038 5957 8386 10921 13152 14744 15455
15149 13955 11960 9540 7038 4823 3276 2600 2961 4297 6329 8777 11255 13415 14903 15494
15049 13698 11610 9160 6650 4540 3113 2645 3133 4521 6626 9153 11633 13697 15026 15470
14911 13462 11286 8814 6335 4310 3011 2643 3248 4831 6968 9482 11924 13926 15193 15464
14777 13197 10958 8457 6030 4053 2843 2660 3438 5092 7347 9865 12247 14147 15269 15423
14570 12842 10596 8029 5669 3867 2800 2695 3595 5385 7709 10244 12572 14366 15363 15356
14382 12556 10216 7699 5366 3636 2747 2779 3816 5660 8073 10576 12864 14556 15433 15259
14146 12294 9868 7328 5096 3424 2680 2880 4056 5964 8424 10946 13177 14770 15445 15168
13926 11942 9502 7014 4831 3277 2609 2973 4265 6322 8797 11283 13429 14887 15447 15069
13709 11612 9143 6665 4522 3122 2623 3133 4523 6638 9143 11621 13686 15063 15482 14933
13430 11273 8761 6322 4301 2976 2598 3276 4826 7014 9500 11926 13929 15179 15478 14753
13125 10906 8442 6030 4024 2856 2681 3443 5109 7354 9853 12250 14157 15247 15415 14599
12875 10563 8046 5662 3815 2766 2695 3642 5353 7735 10280 12552 14346 15336 15344 14383
12582 10218 7706 5347 3613 2716 2798 3848 5688 8055 10566 12892 14597 15412 15283 14132
12246 9854 7362 5104 3447 2653 2853 4025 5979 8414 10942 13149 14761 15479 15184 13939
11906 9496 7012 4826 3282 2601 2982 4287 6332 8805 11302 13467 14905 15461 15022 13674
11603 9138 6676 4530 3108 2617 3108 4544 6648 9157 11631 13695 15048 15460 14909 13422
11266 8755 6288 4309 3002 2651 3270 4788 7000 9554 11963 13988 15196 15456 14732 13132
10904 8419 5980 4062 2883 2655 3432 5084 7372 9902 12256 14165 15300 15430 14561 12847
10577 8068 5660 3799 2798 2729 3621 5358 7733 10262 12598 14359 15341 15318 14348 12539
10210 7711 5378 3626 2697 2769 3826 5716 8087 10568 12877 14598 15398 15272 14171 12254
9890 7324 5049 3461 2651 2864 4065 6028 8417 10933 13181 14775 15468 15144 13919 11951
9473 6980 4786 3240 2625 3005 4324 6328 8789 11265 13461 14942 15470 15023 13694 11620
9145 6638 4482 3094 2634 3143 4533 6658 9184 11695 13704 15037 15452 14912 13395 11265
8780 6284 4284 3000 2634 3286 4812 7005 9537 11984 13922 15156 15472 14748 13130 10945
8425 5980 4026 2887 2692 3430 5082 7344 9868 12298 14161 15288 15421 14562 12872 10546
8044 5695 3846 2765 2688 3645 5383 7726 10269 12583 14365 15344 15353 14376 12591 10210
7661 5363 3620 2721 2769 3814 5714 8085 10598 12878 14575 15410 15271 14168 12269 9870
7309 5066 3417 2650 2928 4070 6015 8439 10936 13176 14782 15478 15155 13914 11924 9505
6985 4756 3269 2630 2976 4268 6336 8805 11295 13476 14907 15471 15046 13664 11608 9112
6613 4534 3142 2610 3111 4576 6662 9157 11612 13708 15063 15463 14890 13421 11251 8765
6283 4232 2993 2646 3292 4821 7026 9519 11946 13924 15190 15460 14732 13131 10900 8384
5970 4020 2902 2680 3417 5082 7366 9906 12252 14169 15272 15419 14546 12895 10578 8060
5672 3840 2796 2700 3602 5410 7734 10224 12565 14395 15346 15337 14340 12579 10237 7671
5347 3618 2726 2761 3823 5708 8058 10591 12877 14590 15435 15248 14142 12246 9834 7355
5062 3407 2653 2854 4073 5990 8450 10974 13177 14761 15447 15135 13940 11940 9471 6963
4791 3249 2638 2993 4279 6310 8817 11312 13472 14922 15471 15016 13660 11584 9124 6667
4531 3108 2609 3121 4563 6704 9172 11628 13677 15044 15466 14898 13400 11267 8760 6341
4288 2989 2668 3268 4804 7008 9527 11961 13945 15168 15465 14734 13132 10943 8422 5994
4065 2846 2659 3469 5116 7364 9877 12284 14188 15280 15416 14552 12836 10548 8030 5680
3812 2781 2683 3634 5371 7725 10259 12595 14385 15368 15348 14344 12560 10210 7650 5338
3639 2740 2784 3804 5688 8085 10613 12924 14590 15384 15265 14160 12259 9818 7306 5084
3438 2638 2849 4083 6043 8437 10959 13161 14744 15424 15149 13925 11943 9465 6944 4764
3275 2642 3014 4301 6331 8804 11309 13460 14906 15450 15024 13678 11606 9131 6648 4550
3080 2632 3159 4593 6674 9147 11661 13721 15052 15456 14880 13432 11232 8740 6296 4289
2971 2651 3285 4789 7036 9540 11963 13964 15211 15440 14716 13147 10878 8395 5984 3996
2851 2684 3459 5084 7346 9908 12306 14166 15260 15414 14559 12860 10531 8016 5693 3814
2760 2702 3631 5407 7745 10245 12587 14386 15359 15344 14348 12543 10232 7680 5336 3591
2724 2808 3871 5724 8064 10602 12918 14596 15391 15256 14129 12220 9860 7325 5070 3439
2671 2860 4044 6011 8458 10994 13189 14733 15449 15174 13921 11936 9481 6984 4801 3251
2609 3004 4325 6353 8832 11303 13454 14904 15472 15028 13648 11556 9107 6637 4518 3121
2613 3148 4534 6688 9190 11632 13713 15080 15502 14915 13382 11249 8768 6306 4318 2977
2620 3288 4834 7034 9540 11963 13945 15144 15463 14756 13122 10874 8379 5962 4038 2865
2666 3443 5110 7371 9904 12278 14167 15292 15414 14569 12844 10527 8006 5664 3789 2792
2746 3669 5400 7726 10207 12602 14410 15381 15350 14372 12532 10176 7648 5321 3632 2708
2808 3850 5764 8117 10647 12896 14589 15407 15268 14139 12248 9842 7323 5102 3418 2671
2896 4072 6012 8453 10979 13186 14784 15496 15160 13890 11893 9464 6952 4782 3238 2660
3014 4343 6388 8832 11336 13466 14936 15464 15022 13665 11560 9114 6621 4486 3087 2629
3136 4586 6688 9186 11676 13747 15071 15476 14867 13393 11241 8758 6285 4259 2964 2641
3268 4833 7054 9564 12012 13990 15169 15428 14724 13155 10899 8367 5956 4008 2879 2671
3440 5104 7412 9912 12324 14215 15288 15405 14530 12809 10504 8002 5650 3814 2774 2708
3645 5399 7759 10287 12604 14426 15370 15329 14324 12525 10166 7658 5330 3607 2723 2797
3844 5734 8122 10661 12922 14583 15423 15270 14151 12218 9845 7310 5069 3418 2672 2896
4060 6066 8482 10982 13224 14777 15424 15116 13885 11896 9454 6961 4769 3234 2614 3001
4299 6406 8874 11318 13468 14906 15475 15021 13640 11548 9119 6595 4484 3079 2613 3145
4591 6716 9229 11708 13741 15042 15453 14872 13382 11206 8707 6250 4231 2958 2662 3281
4838 7050 9589 12005 13960 15165 15454 14696 13108 10882 8336 5912 4028 2884 2675 3451
5110 7380 9915 12294 14211 15301 15392 14522 12819 10538 8016 5604 3764 2767 2711 3680
5411 7756 10300 12609 14396 15350 15315 14313 12509 10175 7664 5315 3557 2720 2815 3885
5744 8112 10636 12952 14609 15421 15234 14109 12194 9777 7298 5047 3422 2632 2889 4093
6075 8444 11002 13210 14783 15445 15124 13892 11884 9422 6912 4733 3227 2605 3028 4323
6389 8869 11359 13492 14942 15488 15027 13649 11550 9072 6600 4498 3089 2623 3154 4560
6717 9209 11698 13750 15051 15491 14893 13397 11225 8657 6269 4214 2966 2609 3294 4884
7095 9593 12014 13967 15182 15442 14718 13116 10862 8348 5948 3998 2848 2658 3462 5138
7438 9954 12306 14212 15296 15417 14536 12810 10488 7985 5621 3810 2734 2703 3661 5457
7808 10321 12625 14424 15364 15347 14303 12493 10124 7620 5301 3568 2670 2778 3861 5736
8128 10636 12907 14614 15423 15258 14118 12211 9808 7272 5039 3392 2665 2904 4134 6064
8528 11013 13228 14768 15454 15128 13868 11856 9396 6896 4722 3210 2620 3017 4337 6414
8894 11370 13523 14967 15476 15029 13620 11543 9081 6575 4485 3089 2637 3173 4580 6708
9214 11706 13731 15096 15458 14867 13352 11191 8668 6238 4209 2964 2631 3311 4851 7081
9593 12040 13936 15218 15447 14686 13044 10856 8339 5899 3983 2869 2679 3504 5174 7455
9996 12374 14244 15300 15409 14540 12807 10460 7967 5616 3774 2752 2718 3687 5466 7820
10352 12675 14443 15397 15328 14336 12475 10152 7624 5310 3590 2725 2833 3913 5772 8173
10700 12974 14635 15396 15215 14090 12174 9742 7286 5014 3374 2666 2878 4118 6100 8544
11023 13216 14801 15459 15141 13872 11856 9412 6874 4676 3201 2612 3008 4354 6413 8892
11389 13560 14961 15492 15017 13629 11509 9039 6550 4459 3065 2607 3150 4610 6742 9249
11711 13792 15103 15460 14862 13320 11128 8642 6196 4188 2923 2626 3296 4908 7126 9647
12062 14006 15220 15417 14690 13048 10833 8300 5898 3948 2859 2685 3506 5188 7478 10014
12362 14240 15280 15388 14494 12789 10439 7940 5552 3730 2741 2732 3677 5473 7830 10354
12674 14474 15395 15325 14305 12441 10080 7562 5232 3537 2671 2806 3884 5782 8172 10704
12971 14640 15409 15227 14065 12153 9762 7224 4999 3388 2626 2897 4134 6110 8574 11084
13282 14813 15465 15118 13844 11817 9380 6888 4704 3221 2621 3035 4346 6410 8930 11421
13536 14947 15494 15024 13584 11490 8983 6490 4498 3088 2625 3158 4616 6782 9281 11747
13758 15104 15474 14865 13318 11144 8642 6178 4174 2938 2631 3342 4906 7127 9656 12104
14033 15208 15447 14660 13052 10795 8285 5855 3953 2855 2685 3511 5201 7492 9997 12352
14268 15302 15386 14464 12747 10450 7931 5580 3756 2768 2731 3708 5465 7836 10357 12699
14437 15367 15316 14301 12467 10090 7564 5245 3534 2662 2816 3896 5839 8204 10719 12977
14634 15437 15223 14087 12120 9738 7218 4965 3366 2645 2920 4129 6136 8564 11112 13283
14802 15476 15141 13862 11821 9360 6854 4711 3215 2655 3045 4404 6470 8926 11446 13544
14969 15478 14999 13586 11464 8981 6486 4431 3050 2618 3158 4649 6808 9325 11768 13809
15118 15473 14855 13329 11108 8619 6180 4193 2947 2630 3329 4926 7153 9684 12098 14052
15230 15402 14640 13010 10777 8277 5872 3921 2825 2672 3512 5221 7522 10036 12417 14280
15330 15407 14463 12719 10395 7883 5566 3727 2771 2789 3737 5530 7894 10414 12714 14474
15397 15292 14287 12405 10055 7520 5206 3516 2676 2791 3923 5807 8188 10744 12994 14645
15417 15208 14047 12100 9690 7148 4923 3324 2630 2926 4140 6153 8590 11075 13279 14803
15460 15104 13803 11756 9341 6823 4687 3206 2638 3016 4394 6460 8943 11428 13544 14972
15457 14944 13533 11435 8948 6460 4399 3058 2624 3204 4675 6858 9355 11822 13823 15095
15460 14839 13262 11088 8593 6129 4181 2939 2653 3370 4941 7194 9725 12132 14072 15246
15437 14655 12991 10740 8218 5814 3910 2817 2660 3517 5217 7536 10075 12447 14291 15318
15374 14454 12688 10389 7885 5522 3721 2719 2738 3724 5529 7889 10408 12717 14467 15382
15296 14269 12421 10019 7505 5210 3505 2675 2850 3957 5842 8252 10749 13016 14654 15424
15225 14059 12094 9682 7141 4938 3320 2630 2960 4178 6190 8643 11107 13290 14858 15482
15123 13813 11778 9297 6789 4635 3182 2642 3055 4439 6516 9012 11470 13605 15002 15490
14987 13553 11426 8949 6450 4398 3032 2588 3118 4658 6820 9332 11797 13842 15138 15501
14854 13293 11099 8584 6133 4158 2892 2633 3348 4949 7186 9711 12120 14096 15226 15447
14654 13020 10741 8218 5836 3938 2845 2725 3544 5249 7540 10072 12440 14303 15311 15372
14446 12678 10361 7857 5508 3729 2763 2750 3726 5550 7899 10431 12748 14516 15396 15363
14280 12394 10012 7491 5202 3540 2703 2854 3989 5882 8302 10813 13056 14677 15438 15171
14003 12053 9640 7114 4907 3331 2634 2952 4199 6194 8674 11165 13336 14856 15449 15081
13803 11750 9271 6780 4624 3163 2626 3098 4436 6535 8982 11466 13578 14966 15451 14951
13549 11422 8940 6455 4362 3048 2635 3231 4705 6904 9364 11813 13853 15126 15443 14806
13246 11066 8540 6140 4111 2897 2636 3354 4968 7194 9732 12153 14060 15227 15414 14620
12948 10696 8196 5798 3928 2820 2687 3557 5296 7591 10093 12445 14291 15283 15364 14442
12665 10332 7828 5479 3696 2756 2779 3764 5587 7946 10476 12776 14478 15388 15277 14231
12356 9983 7447 5170 3504 2702 2852 3982 5922 8297 10836 13062 14705 15425 15205 13999
12040 9627 7073 4888 3317 2638 2916 4190 6174 8677 11172 13359 14878 15485 15092 13776
11721 9250 6757 4657 3160 2610 3061 4462 6564 9070 11504 13614 14987 15457 14964 13516
11400 8918 6424 4368 3083 2619 3221 4720 6868 9389 11835 13870 15138 15488 14777 13240
11024 8510 6097 4101 2907 2655 3376 5002 7250 9748 12143 14118 15261 15440 14635 12935
10688 8178 5747 3886 2806 2709 3564 5301 7618 10128 12467 14301 15328 15356 14423 12648
10325 7823 5485 3683 2726 2728 3768 5578 7972 10486 12754 14497 15409 15288 14229 12356
9988 7449 5152 3472 2682 2833 3993 5917 8318 10836 13068 14700 15424 15188 14001 12037
9638 7105 4886 3310 2663 2975 4236 6208 8668 11153 13344 14854 15449 15078 13740 11724
9254 6759 4646 3171 2647 3096 4476 6578 9062 11537 13646 15040 15500 14976 13493 11371
8880 6382 4378 3022 2636 3216 4732 6906 9422 11878 13893 15148 15446 14765 13221 11006
8545 6117 4115 2884 2627 3385 5017 7277 9788 12184 14093 15231 15468 14654 12966 10665
8125 5747 3877 2823 2712 3565 5282 7613 10134 12514 14341 15349 15385 14418 12650 10341
7826 5472 3684 2768 2766 3777 5590 7951 10486 12787 14514 15392 15292 14237 12360 9943
7415 5130 3461 2651 2839 3979 5921 8326 10840 13079 14746 15461 15193 14016 12004 9578
7061 4876 3314 2640 2988 4240 6250 8695 11178 13371 14858 15459 15061 13726 11693 9253
6758 4630 3173 2634 3093 4465 6573 9078 11550 13617 14998 15493 14923 13520 11350 8853
6380 4344 3016 2639 3231 4722 6928 9458 11880 13880 15157 15458 14774 13210 11015 8474
6042 4106 2924 2653 3362 5008 7281 9803 12186 14114 15240 15425 14639 12932 10639 8125
5775 3883 2793 2674 3595 5350 7594 10128 12490 14303 15331 15361 14432 12650 10320 7790
5461 3682 2713 2748 3778 5600 7980 10533 12817 14544 15422 15295 14215 12329 9921 7408
5144 3463 2650 2842 3976 5922 8322 10884 13132 14721 15447 15164 13983 12004 9569 7081
4861 3311 2642 2975 4248 6228 8723 11209 13384 14881 15505 15081 13754 11692 9228 6743
4597 3168 2606 3070 4459 6577 9096 11552 13649 15007 15453 14914 13470 11341 8874 6380
4326 3000 2600 3211 4727 6928 9428 11890 13908 15161 15470 14769 13199 10979 8454 6072
4109 2906 2662 3408 5052 7311 9822 12229 14120 15252 15426 14620 12926 10644 8106 5714
3864 2787 2701 3597 5336 7649 10171 12528 14377 15355 15364 14431 12626 10325 7777 5446
3679 2750 2746 3825 5642 8018 10530 12866 14541 15417 15279 14195 12315 9903 7380 5108
3438 2658 2861 4006 5956 8357 10879 13120 14724 15476 15214 13983 11983 9549 7022 4843
3288 2636 2982 4235 6258 8719 11187 13386 14875 15441 15037 13704 11659 9211 6728 4564
3151 2602 3068 4480 6596 9085 11576 13642 15057 15492 14907 13458 11331 8836 6387 4326
3001 2644 3236 4763 6952 9460 11909 13891 15144 15456 14778 13203 10977 8448 6037 4080
2888 2678 3419 5066 7316 9890 12236 14143 15233 15414 14579 12897 10635 8128 5740 3866
2794 2691 3586 5321 7653 10192 12547 14364 15342 15340 14387 12591 10276 7759 5423 3644
2693 2748 3805 5642 8032 10550 12836 14544 15430 15290 14165 12280 9918 7394 5112 3453
2658 2843 4016 5956 8405 10903 13151 14746 15463 15199 13983 11982 9553 7020 4824 3294
2640 2986 4272 6292 8758 11217 13384 14899 15481 15044 13712 11640 9164 6712 4572 3148
2642 3113 4500 6606 9103 11558 13654 15050 15454 14935 13466 11329 8830 6344 4329 2989
2631 3251 4807 6981 9496 11944 13937 15176 15458 14765 13175 10949 8436 6002 4070 2892
2670 3421 5070 7330 9845 12226 14119 15237 15402 14531 12875 10605 8095 5698 3842 2788
2700 3607 5346 7685 10206 12541 14346 15325 15338 14403 12576 10263 7764 5423 3648 2735
2798 3827 5684 8040 10598 12873 14547 15416 15272 14168 12272 9887 7389 5116 3459 2684
2856 4036 5962 8380 10969 13144 14766 15453 15146 13927 11983 9531 7009 4838 3270 2634
2975 4248 6286 8769 11273 13408 14915 15472 15035 13667 11610 9176 6666 4562 3100 2609
3089 4521 6627 9155 11621 13660 15012 15467 14932 13460 11315 8790 6306 4318 3011 2613
3250 4796 6998 9499 11959 13896 15157 15441 14752 13192 10956 8420 6006 4043 2864 2640
3415 5051 7312 9850 12286 14134 15266 15395 14592 12864 10585 8072 5702 3838 2797 2726
3645 5386 7698 10214 12540 14348 15339 15368 14403 12595 10236 7694 5389 3648 2725 2783
3794 5699 8043 10612 12896 14556 15387 15283 14152 12292 9906 7375 5108 3455 2680 2867
4025 6006 8391 10949 13166 14739 15420 15156 13958 11946 9501 6976 4814 3284 2617 2987
4297 6330 8764 11262 13444 14931 15467 15032 13685 11642 9152 6652 4532 3108 2642 3132
4515 6626 9151 11639 13687 15061 15466 14930 13428 11255 8802 6342 4302 2999 2625 3257
4836 7011 9501 11958 13922 15175 15476 14746 13187 10915 8434 5967 4022 2880 2665 3448
5069 7290 9876 12286 14186 15290 15422 14540 12870 10568 8080 5673 3815 2763 2710 3638
5408 7715 10223 12591 14396 15358 15354 14361 12534 10208 7722 5367 3604 2720 2766 3818
5674 8070 10598 12888 14589 15403 15264 14191 12272 9854 7356 5086 3428 2650 2852 4037
5987 8448 10956 13191 14758 15478 15160 13924 11918 9521 7009 4792 3242 2628 2993 4300
6348 8780 11279 13444 14898 15492 15054 13703 11627 9156 6673 4531 3143 2641 3137 4568
6681 9171 11643 13696 15057 15478 14914 13446 11271 8759 6289 4252 3002 2626 3290 4839
7004 9516 11942 13923 15164 15427 14704 13141 10903 8442 5990 4051 2896 2680 3457 5118
7373 9871 12266 14181 15292 15428 14580 12842 10551 8027 5652 3816 2772 2700 3644 5392
7740 10250 12612 14389 15364 15346 14371 12542 10174 7645 5342 3621 2708 2809 3852 5713
8092 10611 12870 14560 15408 15270 14180 12260 9860 7347 5054 3435 2645 2857 4039 6020
8431 10975 13193 14755 15468 15163 13914 11921 9480 6958 4760 3235 2625 2994 4320 6363
8838 11332 13470 14941 15494 15033 13664 11572 9114 6628 4507 3099 2621 3134 4552 6685
9194 11661 13712 15059 15486 14877 13400 11244 8736 6280 4276 3000 2627 3265 4818 7008
9504 11968 13939 15184 15453 14747 13122 10906 8396 5947 4023 2881 2678 3474 5094 7374
9896 12275 14205 15273 15380 14538 12883 10576 8010 5648 3824 2778 2698 3649 5410 7756
10264 12572 14380 15349 15328 14338 12544 10200 7664 5367 3627 2698 2794 3869 5726 8072
10602 12889 14575 15429 15278 14151 12210 9822 7335 5079 3433 2672 2869 4055 6023 8464
10986 13184 14764 15442 15151 13899 11944 9472 6959 4777 3245 2640 2984 4285 6352 8810
11294 13443 14910 15482 15039 13688 11556 9099 6634 4507 3108 2602 3137 4576 6698 9187
11660 13704 15042 15462 14881 13417 11250 8742 6268 4238 2956 2647 3248 4819 7036 9550
11999 13958 15196 15453 14748 13118 10887 8396 5972 4059 2878 2691 3479 5115 7372 9906
12305 14225 15296 15428 14570 12854 10545 8030 5619 3804 2764 2720 3632 5407 7749 10284
12637 14368 15350 15338 14376 12552 10193 7641 5305 3596 2738 2808 3831 5715 8092 10624
12913 14612 15439 15238 14104 12248 9835 7288 5041 3392 2632 2871 4121 6024 8452 10985
13214 14796 15476 15120 13934 11911 9446 6938 4789 3233 2628 3002 4304 6351 8867 11322
13519 14928 15454 15012 13672 11571 9078 6592 4480 3109 2600 3128 4584 6729 9212 11672
13739 15072 15467 14896 13394 11205 8723 6295 4254 2960 2599 3293 4816 7070 9577 11998
13977 15195 15447 14724 13126 10863 8349 5956 4032 2834 2644 3470 5148 7396 9923 12318
14226 15294 15389 14523 12825 10514 8016 5643 3798 2807 2716 3644 5451 7757 10301 12617
14433 15387 15346 14356 12526 10142 7618 5327 3569 2718 2828 3876 5730 8108 10632 12904
14584 15426 15264 14129 12221 9797 7272 5026 3412 2632 2915 4127 6068 8504 11014 13207
14797 15494 15178 13887 11905 9419 6909 4744 3227 2613 2990 4305 6364 8856 11352 13473
14960 15487 15018 13647 11560 9080 6561 4488 3076 2598 3162 4571 6734 9237 11682 13734
15065 15429 14861 13365 11215 8722 6254 4239 2988 2635 3310 4844 7042 9575 12042 13986
15178 15437 14732 13125 10854 8327 5916 4017 2874 2654 3451 5145 7420 9948 12328 14187
15273 15370 14517 12821 10520 7997 5613 3777 2785 2740 3632 5416 7775 10298 12658 14438
15379 15332 14338 12522 10166 7646 5301 3562 2674 2783 3876 5763 8125 10648 12915 14619
15432 15252 14114 12203 9787 7263 5027 3414 2672 2868 4089 6071 8498 11042 13223 14761
15466 15130 13887 11866 9425 6912 4725 3210 2615 3011 4337 6390 8852 11364 13490 14908
15455 15013 13624 11560 9071 6580 4464 3069 2643 3168 4590 6723 9209 11657 13746 15089
15486 14880 13357 11203 8732 6254 4193 2947 2656 3340 4881 7091 9568 12041 14000 15169
15427 14722 13083 10844 8331 5948 4020 2833 2653 3467 5133 7436 9974 12306 14202 15279
15386 14542 12815 10529 7984 5582 3781 2718 2725 3651 5386 7780 10331 12664 14433 15390
15348 14356 12528 10158 7620 5321 3568 2675 2799 3853 5753 8136 10675 12936 14639 15467
15240 14132 12202 9777 7250 4988 3376 2659 2911 4124 6065 8479 11012 13241 14784 15448
15106 13898 11881 9396 6899 4743 3216 2626 2994 4362 6389 8871 11371 13479 14927 15478
15037 13619 11508 9052 6576 4484 3072 2604 3134 4589 6745 9248 11691 13742 15004 15465
14856 13360 11211 8705 6254 4278 2962 2645 3308 4844 7091 9597 12054 14017 15190 15432
14725 13067 10832 8330 5912 4018 2858 2673 3470 5120 7413 9976 12325 14222 15302 15403
14508 12826 10509 7966 5597 3739 2754 2731 3683 5460 7812 10328 12639 14388 15367 15346
14344 12487 10103 7581 5300 3592 2685 2778 3890 5780 8170 10689 12943 14615 15438 15246
14096 12174 9753 7270 5016 3349 2670 2887 4115 6070 8516 11014 13237 14804 15438 15126
13880 11870 9405 6910 4708 3224 2641 3035 4357 6415 8885 11382 13524 14962 15490 15001
13615 11522 9028 6546 4442 3093 2625 3181 4610 6739 9223 11679 13741 15076 15481 14854
13366 11145 8662 6208 4187 2932 2642 3304 4900 7070 9602 12027 14004 15200 15472 14721
13098 10833 8309 5921 3960 2810 2665 3464 5183 7457 9998 12385 14254 15327 15397 14536
12774 10471 7936 5567 3741 2742 2726 3674 5472 7829 10340 12663 14447 15351 15314 14312
12494 10123 7602 5256 3541 2691 2791 3903 5772 8178 10696 12975 14643 15402 15215 14094
12194 9772 7256 4986 3307 2638 2888 4094 6089 8506 11042 13239 14810 15473 15120 13865
11822 9372 6891 4698 3227 2630 3052 4365 6406 8882 11394 13528 14946 15449 15010 13611
11533 9049 6557 4430 3050 2606 3164 4644 6800 9286 11712 13762 15069 15464 14862 13326
11180 8666 6200 4234 2960 2673 3305 4901 7141 9647 12077 14026 15220 15441 14674 13074
10828 8313 5903 3985 2833 2650 3488 5164 7448 9986 12362 14228 15272 15386 14495 12757
10442 7925 5521 3742 2779 2765 3695 5464 7802 10350 12686 14465 15378 15332 14285 12450
10102 7585 5278 3571 2689 2783 3910 5776 8188 10706 12982 14640 15439 15213 14107 12157
9764 7232 4995 3414 2657 2908 4115 6126 8586 11076 13274 14800 15464 15107 13856 11836
9398 6866 4723 3216 2621 3010 4359 6417 8929 11400 13522 14956 15460 15005 13594 11471
8998 6516 4440 3055 2595 3151 4626 6765 9280 11732 13780 15072 15471 14832 13336 11140
8664 6173 4176 2926 2625 3363 4921 7136 9659 12056 14016 15194 15430 14662 13027 10795
8292 5871 3978 2854 2688 3537 5207 7511 10022 12380 14258 15298 15368 14470 12731 10422
7907 5547 3726 2725 2705 3720 5515 7860 10401 12707 14449 15384 15303 14280 12474 10086
7542 5237 3520 2680 2831 3953 5790 8198 10734 12991 14624 15449 15212 14060 12107 9693
7260 4980 3374 2647 2908 4124 6159 8536 11095 13298 14826 15463 15114 13814 11817 9360
6857 4692 3228 2632 3051 4404 6472 8926 11424 13524 14962 15476 14986 13583 11490 8980
6499 4402 3046 2626 3196 4659 6820 9320 11764 13781 15072 15473 14885 13325 11133 8600
6166 4186 2930 2624 3328 4900 7129 9633 12090 14034 15222 15450 14670 13041 10759 8235
5849 3963 2846 2683 3499 5194 7500 10006 12416 14245 15300 15363 14488 12738 10452 7926
5535 3730 2738 2730 3704 5528 7875 10381 12732 14482 15406 15324 14279 12430 10051 7541
5253 3559 2674 2847 3946 5816 8248 10724 12989 14658 15425 15234 14080 12125 9721 7205
4982 3374 2662 2937 4136 6142 8607 11105 13295 14832 15470 15119 13843 11819 9330 6830
4657 3176 2605 3035 4395 6474 8959 11435 13550 14987 15476 14997 13556 11442 8965 6502
4451 3072 2628 3171 4664 6832 9353 11776 13834 15137 15474 14867 13314 11125 8619 6136
4168 2928 2640 3333 4954 7169 9701 12102 14055 15236 15460 14650 13000 10744 8236 5828
3942 2840 2710 3533 5224 7530 10038 12396 14259 15295 15366 14444 12698 10392 7857 5530
3706 2733 2767 3736 5549 7909 10417 12722 14474 15359 15313 14255 12422 10062 7532 5218
3537 2700 2850 3961 5849 8260 10798 13046 14676 15432 15202 14072 12096 9701 7178 4924
3323 2648 2941 4154 6156 8616 11104 13323 14836 15456 15074 13825 11801 9298 6782 4662
3207 2684 3073 4416 6505 8978 11443 13554 14995 15465 14962 13573 11442 8978 6501 4419
3050 2635 3221 4676 6813 9331 11808 13823 15141 15477 14795 13265 11118 8584 6154 4162
2928 2654 3349 4946 7167 9675 12126 14053 15241 15437 14632 13012 10717 8197 5812 3929
2808 2715 3552 5242 7566 10087 12461 14257 15292 15387 14471 12710 10386 7871 5533 3713
2733 2726 3717 5546 7934 10446 12734 14460 15390 15318 14263 12412 10005 7500 5213 3506
2690 2858 3960 5874 8249 10771 13039 14667 15429 15217 13995 12078 9680 7168 4940 3352
2619 2925 4174 6180 8644 11138 13294 14813 15448 15113 13779 11761 9319 6795 4633 3156
2595 3046 4441 6528 8996 11475 13582 15010 15492 14974 13564 11424 8923 6436 4375 3052
2645 3212 4670 6845 9344 11796 13832 15120 15520 14836 13298 11098 8554 6112 4174 2904
2623 3373 4945 7213 9752 12140 14076 15250 15424 14650 12978 10704 8201 5788 3921 2844
2678 3536 5246 7565 10096 12466 14307 15308 15378 14449 12682 10377 7856 5511 3689 2727
2747 3740 5543 7905 10433 12764 14495 15380 15277 14256 12398 10036 7490 5196 3509 2666
2830 3956 5895 8261 10779 13025 14685 15449 15231 14054 12102 9666 7145 4899 3300 2624
2970 4194 6192 8634 11151 13329 14867 15483 15110 13814 11770 9278 6810 4648 3179 2648
3054 4424 6533 9013 11509 13601 15020 15479 14962 13516 11390 8930 6470 4390 3052 2613
3196 4669 6851 9386 11828 13874 15122 15446 14806 13239 11049 8573 6123 4164 2915 2668
3400 5014 7237 9741 12168 14082 15241 15430 14657 12998 10726 8215 5809 3927 2847 2702
3557 5257 7562 10076 12460 14336 15343 15390 14428 12680 10338 7805 5462 3678 2713 2726
3728 5572 7924 10436 12744 14497 15402 15321 14236 12342 9973 7445 5198 3486 2698 2838
3935 5884 8303 10826 13045 14712 15445 15232 14030 12051 9651 7105 4880 3341 2632 2964
4214 6226 8676 11157 13322 14834 15455 15100 13788 11742 9259 6756 4623 3162 2621 3080
4445 6534 9003 11479 13594 14980 15462 14948 13490 11371 8903 6441 4357 3047 2630 3185
4706 6862 9384 11846 13870 15133 15462 14790 13249 11054 8531 6108 4141 2934 2634 3368
4985 7224 9746 12154 14120 15255 15455 14636 12986 10718 8181 5790 3892 2812 2704 3591
5308 7602 10129 12486 14340 15334 15392 14432 12669 10283 7791 5469 3666 2720 2743 3754
5566 7938 10476 12776 14512 15377 15251 14209 12333 9942 7439 5160 3487 2686 2874 4002
5913 8339 10831 13091 14685 15450 15173 14001 12036 9596 7114 4890 3331 2654 2985 4216
6256 8691 11202 13370 14889 15480 15091 13777 11725 9260 6759 4628 3172 2610 3057 4420
6568 9038 11502 13634 15014 15497 14944 13505 11371 8887 6422 4357 3045 2648 3237 4752
6928 9446 11897 13877 15127 15450 14770 13219 11014 8500 6074 4103 2927 2671 3377 5021
7254 9775 12178 14094 15244 15431 14637 12942 10698 8163 5762 3889 2799 2672 3582 5310
7627 10143 12500 14318 15280 15353 14416 12640 10317 7814 5460 3672 2739 2703 3767 5626
7991 10497 12802 14511 15389 15305 14226 12356 9968 7436 5168 3474 2673 2860 3979 5913
8333 10835 13107 14746 15464 15195 14008 12051 9561 7042 4932 3328 2650 2988 4215 6231
8700 11222 13366 14883 15447 15058 13733 11696 9238 6738 4581 3118 2606 3087 4500 6591
9052 11540 13637 15032 15486 14960 13501 11349 8874 6377 4322 3039 2603 3238 4714 6932
9431 11902 13906 15138 15476 14801 13238 11020 8512 6059 4087 2886 2660 3377 4990 7250
9796 12216 14132 15273 15433 14616 12941 10659 8120 5739 3860 2803 2717 3617 5340 7668
10187 12524 14308 15328 15365 14416 12643 10240 7744 5407 3662 2738 2790 3798 5629 7997
10490 12808 14518 15402 15262 14223 12346 9931 7402 5146 3497 2646 2830 3997 5922 8342
10871 13095 14682 15435 15168 14009 12022 9592 7087 4826 3272 2619 2983 4259 6277 8739
11193 13399 14892 15457 15056 13722 11687 9221 6729 4604 3160 2636 3099 4512 6595 9071
11546 13632 15039 15452 14919 13463 11336 8842 6372 4325 3009 2640 3223 4741 6937 9442
11884 13916 15142 15470 14779 13218 11005 8458 6023 4096 2911 2658 3423 5016 7270 9806
12218 14146 15269 15404 14585 12897 10609 8111 5739 3881 2824 2726 3599 5337 7649 10184
12448 14338 15323 15349 14406 12608 10289 7782 5436 3685 2712 2770 3772 5615 8019 10553
12847 14556 15373 15282 14164 12299 9940 7388 5108 3476 2673 2859 3979 5927 8357 10868
13108 14703 15442 15176 13945 11969 9545 7061 4849 3320 2642 2960 4263 6268 8718 11239
13386 14884 15492 15049 13741 11639 9181 6708 4576 3137 2633 3092 4501 6630 9115 11556
13651 15028 15480 14929 13471 11339 8850 6373 4337 3025 2633 3266 4774 6961 9453 11881
13932 15142 15463 14765 13208 10982 8491 6026 4077 2916 2667 3420 5032 7304 9817 12212
14127 15258 15421 14620 12928 10625 8092 5694 3852 2800 2688 3602 5337 7673 10169 12467
14351 15348 15369 14396 12611 10271 7761 5423 3662 2727 2786 3786 5665 8014 10534 12827
14553 15411 15292 14206 12297 9896 7355 5082 3464 2706 2878 4031 5955 8388 10948 13152
14707 15461 15153 13922 11998 9544 7022 4801 3312 2652 2968 4277 6295 8730 11234 13410
14908 15468 15045 13728 11660 9181 6682 4532 3116 2620 3120 4506 6622 9116 11581 13686
15053 15464 14915 13443 11304 8828 6364 4299 2999 2624 3241 4768 6998 9488 11904 13893
15162 15454 14766 13206 10956 8424 6024 4082 2862 2641 3448 5075 7331 9868 12225 14130
15280 15402 14595 12925 10600 8064 5705 3868 2779 2694 3625 5364 7703 10178 12541 14355
15364 15346 14378 12605 10260 7721 5398 3621 2716 2811 3817 5640 8020 10553 12842 14582
15403 15268 14156 12281 9901 7398 5123 3442 2647 2867 4052 5980 8392 10926 13114 14725
15458 15176 13961 11998 9538 7004 4820 3278 2630 2975 4245 6276 8774 11280 13396 14876
15483 15061 13722 11646 9158 6666 4546 3126 2628 3113 4531 6647 9125 11600 13656 15018
15449 14929 13428 11319 8818 6369 4309 2994 2607 3249 4812 6986 9472 11939 13943 15149
15484 14734 13192 10968 8452 6036 4081 2876 2658 3414 5037 7321 9827 12256 14171 15266
15394 14573 12912 10613 8069 5670 3849 2801 2728 3609 5343 7682 10209 12562 14358 15327
15341 14381 12606 10258 7734 5407 3609 2708 2795 3816 5696 8065 10579 12861 14574 15400
15257 14180 12290 9885 7384 5121 3445 2663 2887 4018 5989 8397 10916 13150 14784 15439
15172 13938 11929 9514 7011 4835 3299 2632 2968 4282 6329 8776 11261 13408 14885 15469
15055 13702 11623 9156 6650 4516 3143 2643 3122 4544 6620 9123 11603 13700 15033 15478
14896 13427 11278 8807 6337 4256 3000 2608 3269 4800 7008 9490 11917 13931 15183 15466
14756 13174 10934 8422 5989 4052 2860 2682 3442 5085 7364 9864 12255 14138 15256 15403
14556 12884 10584 8060 5662 3835 2759 2730 3610 5374 7685 10215 12592 14400 15364 15340
14369 12573 10231 7709 5387 3645 2716 2812 3825 5683 8046 10590 12853 14552 15416 15254
14176 12261 9887 7352 5111 3451 2642 2861 4043 5991 8440 10967 13174 14749 15464 15165
13932 11961 9535 7008 4780 3280 2639 3002 4282 6306 8766 11294 13448 14896 15447 15014
13687 11613 9122 6656 4518 3135 2650 3106 4512 6639 9130 11646 13700 15063 15492 14910
13412 11275 8774 6373 4291 3007 2611 3259 4793 6981 9499 11962 13947 15148 15462 14727
13172 10912 8427 5983 4048 2873 2681 3436 5107 7353 9890 12281 14166 15278 15397 14563
12857 10566 7993 5662 3823 2772 2738 3633 5383 7685 10261 12588 14374 15377 15368 14376
12556 10187 7691 5347 3598 2724 2812 3826 5685 8086 10594 12893 14592 15413 15274 14183
12266 9881 7325 5050 3414 2662 2896 4078 5980 8436 10920 13167 14792 15445 15175 13921
11956 9501 6999 4813 3264 2636 2965 4279 6314 8780 11304 13455 14924 15489 15021 13652
11601 9142 6656 4516 3085 2628 3145 4535 6686 9169 11606 13707 15079 15477 14896 13400
11257 8778 6323 4282 2982 2652 3270 4812 7027 9548 11949 13912 15149 15457 14756 13130
10890 8383 5999 4060 2876 2641 3426 5099 7360 9876 12264 14180 15275 15436 14552 12852
10576 8056 5648 3832 2780 2712 3642 5373 7747 10261 12591 14404 15336 15368 14357 12558
10201 7651 5354 3604 2727 2770 3827 5696 8100 10611 12887 14598 15428 15279 14155 12214
9830 7326 5066 3440 2681 2904 4082 6017 8431 10935 13164 14783 15467 15190 13929 11918
9474 6971 4775 3264 2649 2993 4282 6316 8802 11303 13457 14936 15474 15068 13671 11596
9106 6614 4508 3128 2594 3119 4551 6695 9185 11630 13692 15066 15469 14904 13442 11270
8780 6296 4248 2982 2648 3269 4808 7010 9562 11991 13979 15191 15458 14708 13105 10894
8372 5949 4018 2883 2674 3462 5109 7384 9916 12304 14208 15269 15402 14524 12830 10545
8032 5691 3793 2780 2699 3633 5394 7736 10259 12606 14377 15332 15318 14352 12517 10176
7669 5364 3625 2743 2781 3824 5708 8086 10619 12893 14610 15394 15254 14138 12256 9813
7332 5056 3437 2683 2910 4078 6045 8489 10995 13225 14764 15484 15140 13917 11920 9482
6961 4774 3265 2626 3007 4302 6342 8797 11329 13489 14944 15469 15026 13644 11562 9072
6589 4476 3086 2606 3130 4574 6732 9211 11690 13745 15085 15495 14907 13395 11215 8749
6262 4258 2956 2583 3261 4837 7048 9560 12009 13991 15176 15441 14715 13125 10868 8356
5940 4016 2868 2672 3477 5122 7395 9909 12292 14206 15253 15394 14523 12784 10516 7974
5625 3773 2746 2718 3647 5444 7751 10303 12647 14412 15388 15329 14364 12528 10163 7637
5298 3589 2725 2807 3861 5727 8097 10627 12922 14583 15438 15274 14146 12233 9810 7298
5021 3394 2640 2873 4090 6079 8483 11012 13199 14774 15441 15150 13918 11903 9456 6929
4750 3232 2610 3018 4333 6374 8860 11346 13488 14922 15457 15014 13620 11545 9056 6601
4454 3092 2647 3129 4560 6716 9217 11694 13756 15093 15474 14886 13387 11194 8708 6232
4222 2958 2688 3319 4848 7048 9570 11982 13996 15207 15426 14700 13095 10856 8340 5920
3980 2872 2695 3500 5168 7435 9943 12328 14191 15319 15421 14539 12826 10517 7968 5641
3798 2785 2721 3636 5441 7760 10292 12657 14417 15395 15352 14356 12521 10149 7632 5306
3571 2694 2783 3856 5732 8120 10640 12931 14609 15445 15270 14146 12214 9808 7294 5015
3390 2640 2872 4104 6068 8487 11012 13217 14811 15461 15126 13865 11885 9431 6928 4731
3200 2600 2994 4344 6413 8891 11372 13466 14914 15483 15020 13657 11556 9046 6568 4488
3091 2643 3167 4595 6730 9232 11695 13758 15079 15484 14887 13379 11146 8693 6226 4210
2950 2615 3290 4868 7105 9604 12021 13976 15184 15456 14708 13108 10849 8350 5897 3972
2832 2674 3501 5140 7458 9985 12334 14213 15260 15385 14542 12820 10518 7984 5610 3770
2788 2709 3664 5468 7818 10318 12628 14413 15370 15342 14343 12495 10128 7618 5294 3591
2707 2828 3889 5769 8166 10676 12955 14645 15431 15240 14127 12179 9766 7243 5000 3398
2662 2859 4122 6087 8513 11030 13199 14792 15463 15137 13883 11892 9426 6932 4734 3267
2644 3045 4370 6412 8869 11380 13499 14930 15461 14990 13621 11540 9066 6567 4482 3096
2642 3168 4618 6756 9244 11716 13748 15084 15489 14867 13340 11168 8667 6216 4203 2944
2629 3302 4889 7115 9617 12029 13987 15178 15449 14680 13091 10838 8314 5884 3971 2847
2664 3474 5177 7449 9968 12349 14220 15257 15376 14482 12763 10472 7976 5595 3763 2767
2694 3675 5475 7818 10342 12675 14436 15398 15342 14319 12472 10108 7586 5259 3565 2721
2829 3879 5770 8174 10698 13003 14620 15429 15233 14072 12131 9786 7233 5014 3394 2652
2889 4129 6104 8558 11076 13279 14818 15460 15129 13832 11836 9370 6863 4727 3209 2661
3041 4380 6443 8921 11405 13513 14936 15468 14999 13593 11486 9004 6541 4410 3062 2600
3176 4634 6788 9281 11740 13789 15066 15500 14840 13336 11146 8643 6194 4181 2943 2627
3332 4888 7105 9643 12080 14022 15185 15417 14672 13060 10831 8292 5879 3992 2857 2655
3474 5209 7488 9999 12371 14231 15278 15409 14498 12784 10457 7959 5584 3748 2749 2757
3702 5488 7814 10354 12679 14453 15388 15325 14309 12500 10105 7561 5285 3584 2698 2822
3887 5759 8195 10694 12965 14623 15442 15232 14092 12132 9741 7219 4976 3386 2651 2916
4128 6096 8535 11052 13248 14816 15473 15147 13844 11852 9389 6873 4712 3234 2647 3040
4397 6468 8947 11405 13553 14977 15504 15022 13604 11507 9016 6488 4444 3083 2675 3184
4644 6785 9281 11722 13766 15092 15473 14869 13322 11160 8683 6178 4161 2931 2639 3353
4895 7118 9624 12035 14014 15209 15457 14696 13049 10796 8280 5845 3964 2848 2692 3513
5176 7498 10033 12388 14229 15319 15401 14476 12764 10456 7921 5565 3739 2749 2723 3716
5515 7839 10358 12704 14468 15364 15322 14288 12428 10073 7551 5281 3528 2662 2806 3909
5791 8187 10736 12998 14664 15423 15204 14045 12116 9708 7200 4986 3366 2650 2905 4127
6122 8553 11099 13297 14809 15470 15124 13852 11789 9357 6842 4664 3210 2624 3041 4398
6446 8928 11394 13541 14949 15501 15016 13579 11468 8988 6520 4441 3106 2627 3172 4661
6797 9298 11744 13806 15118 15464 14850 13308 11124 8643 6200 4192 2926 2622 3343 4948
7158 9640 12068 14052 15232 15466 14654 13012 10773 8252 5861 3970 2821 2711 3501 5212
7489 10012 12379 14232 15329 15371 14500 12761 10448 7905 5513 3746 2746 2715 3686 5506
7844 10367 12697 14457 15380 15331 14295 12422 10056 7529 5229 3566 2712 2797 3896 5814
8193 10765 13000 14639 15404 15208 14053 12139 9719 7212 4978 3374 2660 2925 4170 6177
8657 11094 13271 14794 15464 15124 13850 11823 9351 6848 4711 3218 2616 3050 4379 6448
8956 11435 13558 14991 15513 15006 13564 11464 8963 6476 4387 3039 2628 3222 4692 6799
9312 11741 13792 15081 15484 14848 13321 11107 8610 6189 4190 2913 2626 3340 4931 7176
9684 12110 14052 15191 15433 14659 13024 10758 8240 5824 3934 2830 2664 3523 5222 7530
10045 12437 14272 15318 15383 14457 12718 10406 7892 5539 3728 2748 2760 3739 5538 7891
10396 12699 14470 15381 15333 14300 12438 10072 7534 5227 3524 2667 2818 3896 5812 8258
10765 13032 14673 15467 15229 14066 12111 9708 7161 4921 3327 2652 2945 4166 6201 8546
11107 13290 14852 15492 15131 13814 11789 9324 6832 4642 3188 2644 3032 4402 6478 8980
11469 13577 14996 15462 14973 13543 11454 8982 6482 4389 3054 2615 3216 4695 6822 9334
11814 13808 15126 15480 14834 13288 11075 8578 6152 4125 2915 2650 3365 4945 7167 9669
12120 14068 15232 15412 14640 13015 10781 8256 5824 3920 2829 2669 3504 5246 7546 10039
12436 14300 15342 15372 14472 12707 10400 7884 5517 3725 2743 2755 3710 5543 7913 10431
12736 14487 15373 15345 14268 12441 10013 7509 5239 3524 2661 2820 3922 5830 8269 10772
13044 14685 15423 15216 14027 12094 9658 7212 4934 3352 2630 2915 4138 6186 8620 11141
13331 14857 15473 15091 13783 11753 9307 6826 4676 3190 2640 3029 4389 6509 9010 11491
13579 14969 15454 14954 13526 11450 8958 6469 4409 3020 2617 3179 4669 6862 9344 11830
13829 15139 15491 14837 13289 11108 8560 6119 4136 2901 2637 3355 4977 7212 9715 12152
14041 15221 15412 14642 13023 10725 8228 5810 3930 2810 2674 3513 5230 7543 10060 12444
14316 15334 15400 14473 12717 10380 7852 5484 3679 2728 2748 3735 5525 7921 10418 12764
14487 15403 15315 14264 12400 10032 7480 5192 3519 2681 2847 3927 5852 8280 10803 13061
14700 15440 15204 14017 12081 9680 7142 4921 3337 2658 2948 4214 6214 8671 11154 13340
14828 15443 15088 13784 11736 9319 6801 4657 3160 2542 3045 4413 6517 9005 11464 13572
14979 15470 14944 13540 11399 8922 6439 4366 3017 2626 3185 4691 6832 9360 11812 13818
15100 15452 14773 13277 11050 8581 6117 4161 2924 2652 3388 4972 7195 9720 12126 14080
15243 15434 14642 12988 10726 8185 5757 3904 2839 2707 3563 5288 7593 10134 12448 14306
15340 15365 14424 12661 10343 7852 5472 3708 2753 2760 3761 5564 7912 10424 12758 14490
15400 15301 14245 12397 10002 7500 5200 3512 2698 2836 3978 5873 8272 10816 13064 14707
15453 15220 14027 12086 9625 7142 4911 3325 2625 2926 4132 6196 8663 11187 13348 14858
15496 15097 13794 11728 9292 6797 4642 3169 2604 3048 4432 6527 9021 11487 13608 15003
15493 14966 13526 11411 8924 6453 4372 3030 2641 3207 4690 6882 9388 11831 13858 15119
15429 14830 13256 11049 8556 6094 4104 2892 2667 3395 4988 7216 9731 12158 14080 15263
15433 14615 12990 10670 8161 5803 3898 2811 2706 3572 5266 7569 10110 12476 14305 15334
15403 14456 12691 10335 7807 5486 3684 2749 2787 3776 5588 7954 10468 12769 14499 15397
15274 14224 12346 9981 7475 5173 3496 2674 2845 3960 5917 8314 10848 13088 14704 15471
15213 14018 12038 9632 7116 4873 3298 2654 2975 4237 6241 8688 11187 13385 14877 15482
15110 13785 11714 9233 6758 4587 3140 2608 3067 4474 6574 9077 11536 13643 15026 15481
14942 13544 11387 8892 6433 4378 3037 2646 3268 4744 6887 9405 11840 13863 15135 15447
14815 13240 11048 8523 6087 4132 2919 2657 3400 5023 7281 9795 12190 14119 15258 15408
14610 12974 10652 8164 5772 3895 2794 2684 3561 5284 7627 10158 12490 14304 15314 15398
14436 12632 10299 7819 5488 3657 2735 2742 3755 5577 7965 10525 12835 14544 15413 15288
14204 12352 9938 7454 5146 3496 2666 2867 4021 5913 8336 10844 13101 14706 15433 15144
13962 12006 9578 7088 4880 3314 2596 2941 4208 6225 8701 11215 13388 14882 15486 15060
13758 11712 9220 6738 4566 3128 2607 3083 4460 6583 9068 11567 13625 15006 15464 14953
13495 11358 8880 6407 4342 2952 2605 3233 4763 6898 9433 11862 13900 15127 15434 14768
13209 10982 8489 6082 4100 2918 2619 3372 4985 7246 9786 12215 14150 15246 15403 14584
12943 10650 8154 5761 3860 2793 2660 3576 5327 7651 10134 12500 14339 15387 15376 14407
12651 10302 7798 5457 3655 2710 2734 3781 5609 7989 10530 12808 14523 15374 15288 14201
12302 9941 7418 5139 3489 2652 2844 4012 5936 8370 10884 13094 14673 15460 15190 13986
12018 9577 7071 4871 3307 2628 2962 4242 6245 8695 11220 13386 14899 15460 15057 13730
11686 9233 6710 4566 3171 2651 3089 4458 6594 9057 11562 13669 15012 15469 14943 13462
11347 8878 6387 4334 2996 2608 3250 4760 6914 9410 11856 13879 15121 15446 14778 13231
11028 8518 6073 4112 2926 2648 3388 5011 7268 9812 12206 14149 15288 15424 14604 12916
10625 8142 5747 3872 2792 2694 3592 5341 7668 10181 12502 14334 15320 15376 14430 12611
10282 7780 5436 3643 2752 2782 3778 5613 8010 10536 12836 14559 15378 15282 14221 12351
9905 7388 5156 3474 2662 2837 3993 5953 8347 10863 13075 14745 15463 15154 13967 12030
9580 7068 4858 3290 2648 2962 4259 6255 8694 11230 13387 14892 15454 15080 13750 11690
9201 6739 4598 3151 2606 3081 4474 6607 9114 11572 13620 15025 15496 14936 13458 11306
8850 6376 4315 2994 2650 3252 4752 6966 9446 11921 13909 15157 15433 14742 13188 10992
8500 6036 4085 2907 2683 3382 5038 7329 9832 12208 14138 15268 15407 14580 12946 10646
8123 5724 3868 2759 2732 3564 5326 7664 10179 12513 14331 15345 15376 14384 12638 10306
7780 5405 3641 2712 2776 3817 5636 8026 10528 12844 14517 15374 15303 14219 12296 9921
7435 5153 3440 2657 2877 4017 5953 8379 10858 13097 14706 15444 15185 13992 12008 9580
7062 4836 3292 2660 2972 4229 6284 8697 11223 13416 14893 15468 15060 13748 11674 9212
6717 4598 3142 2589 3074 4497 6591 9113 11591 13668 15038 15439 14920 13482 11337 8839
6362 4290 3014 2626 3264 4777 6959 9476 11880 13875 15114 15438 14800 13228 10970 8500
6058 4082 2892 2641 3422 5066 7280 9811 12226 14118 15265 15410 14584 12897 10634 8134
5739 3867 2819 2693 3585 5311 7635 10195 12543 14375 15307 15367 14397 12611 10287 7762
5436 3653 2714 2737 3771 5647 8026 10532 12801 14519 15394 15298 14211 12326 9906 7387
5097 3440 2673 2865 4015 5930 8369 10893 13126 14723 15463 15184 13968 11998 9518 7038
4857 3308 2643 2961 4259 6286 8746 11236 13390 14888 15486 15088 13729 11653 9189 6698
4590 3135 2603 3082 4498 6626 9119 11565 13640 15050 15495 14915 13462 11318 8823 6375
4295 2990 2602 3256 4800 6940 9439 11904 13918 15166 15473 14756 13208 10984 8482 6062
4082 2872 2644 3406 5048 7323 9817 12226 14144 15252 15436 14624 12894 10626 8086 5697
3848 2782 2716 3599 5332 7642 10196 12564 14328 15323 15389 14424 12593 10270 7759 5433
3655 2708 2764 3813 5650 8044 10551 12828 14532 15436 15271 14192 12297 9914 7388 5136
3463 2675 2881 4062 5981 8377 10902 13112 14770 15427 15171 13960 11970 9533 7018 4828
3286 2625 2994 4261 6300 8739 11232 13392 14907 15461 15085 13743 11636 9168 6707 4555
3149 2637 3066 4472 6637 9132 11558 13642 15054 15502 14933 13483 11296 8814 6386 4306
2994 2627 3283 4780 6964 9450 11922 13900 15151 15464 14771 13189 10949 8468 6029 4086
2890 2646 3415 5046 7307 9856 12240 14118 15246 15415 14599 12938 10640 8090 5709 3837
2786 2718 3614 5359 7652 10177 12567 14359 15320 15356 14408 12630 10271 7746 5374 3654
2720 2754 3819 5658 8022 10579 12839 14536 15394 15275 14206 12312 9903 7372 5088 3459
2677 2881 4034 5957 8369 10906 13142 14753 15443 15178 13978 11970 9548 7036 4832 3275
2634 2971 4239 6322 8769 11249 13404 14886 15475 15069 13702 11654 9189 6693 4564 3102
2604 3096 4532 6617 9107 11571 13655 15028 15491 14920 13435 11302 8828 6357 4324 3012
2625 3232 4774 6955 9478 11905 13948 15148 15453 14773 13185 10962 8444 6024 4084 2894
2685 3440 5098 7294 9814 12223 14125 15264 15440 14587 12910 10626 8083 5697 3871 2796
2697 3578 5336 7703 10227 12532 14334 15372 15377 14385 12589 10247 7738 5420 3630 2698
2784 3814 5627 8026 10549 12865 14580 15387 15261 14172 12306 9912 7395 5120 3447 2681
2848 4013 5983 8406 10930 13164 14700 15419 15173 13963 11980 9540 7020 4811 3264 2627
2954 4249 6289 8780 11276 13433 14903 15498 15076 13712 11653 9174 6680 4521 3113 2640
3131 4513 6633 9109 11560 13694 15052 15442 14888 13468 11299 8832 6346 4291 3002 2612
3273 4798 7006 9476 11924 13906 15147 15460 14780 13172 10933 8432 6033 4084 2854 2640
3455 5091 7336 9841 12220 14160 15269 15427 14560 12874 10614 8093 5712 3846 2770 2735
3640 5334 7686 10228 12579 14362 15331 15351 14402 12576 10225 7748 5404 3628 2700 2797
3823 5646 8036 10582 12876 14574 15428 15294 14196 12291 9872 7356 5085 3481 2712 2875
4016 5956 8389 10903 13125 14730 15477 15179 13963 11960 9506 7029 4812 3269 2608 2981
4289 6314 8745 11246 13420 14913 15470 15049 13696 11614 9177 6686 4550 3135 2603 3124
4502 6652 9149 11619 13692 15029 15457 14918 13451 11302 8823 6346 4292 3001 2641 3278
4810 6982 9530 11932 13902 15131 15457 14760 13186 10938 8416 5986 4073 2897 2667 3406
5047 7320 9882 12264 14166 15262 15442 14581 12894 10593 8078 5687 3856 2797 2725 3639
5383 7717 10237 12570 14376 15372 15364 14388 12595 10244 7696 5361 3625 2721 2791 3835
5689 8062 10580 12857 14551 15418 15276 14185 12288 9876 7362 5081 3448 2667 2882 4028
5996 8414 10921 13140 14735 15455 15155 13931 11938 9493 6977 4789 3251 2622 2969 4269
6306 8792 11304 13456 14907 15471 15043 13684 11600 9118 6638 4530 3095 2628 3152 4566
6636 9140 11611 13696 15057 15494 14904 13428 11276 8760 6302 4246 2967 2648 3266 4826
6996 9525 11930 13932 15176 15479 14755 13165 10935 8394 5961 4039 2900 2658 3410 5106
7395 9890 12269 14178 15284 15395 14543 12872 10580 8053 5665 3794 2788 2722 3653 5402
7701 10219 12573 14397 15325 15319 14388 12581 10220 7674 5382 3624 2711 2772 3850 5709
8061 10580 12904 14598 15397 15252 14168 12236 9873 7376 5063 3411 2670 2891 4052 5979
8440 10912 13187 14748 15452 15162 13935 11949 9502 6978 4759 3261 2622 3021 4297 6348
8808 11279 13418 14897 15457 15052 13663 11589 9156 6642 4536 3122 2621 3116 4540 6688
9191 11627 13712 15040 15464 14912 13451 11264 8756 6305 4250 2952 2626 3267 4823 7015
9507 11968 13933 15145 15446 14738 13162 10924 8382 5957 4027 2865 2678 3452 5112 7377
9905 12304 14190 15263 15404 14554 12843 10564 8069 5647 3788 2796 2718 3654 5408 7717
10242 12597 14394 15376 15355 14364 12551 10193 7645 5327 3587 2702 2774 3854 5711 8094
10636 12913 14586 15416 15237 14126 12217 9828 7326 5049 3441 2670 2879 4050 6012 8417
10988 13184 14774 15458 15122 13911 11918 9479 7006 4803 3271 2662 2996 4302 6328 8806
11286 13444 14901 15484 15036 13668 11543 9120 6636 4546 3115 2650 3142 4541 6670 9164
11614 13706 15033 15476 14876 13398 11273 8766 6313 4234 2964 2624 3287 4781 7056 9550
11966 13950 15178 15462 14746 13137 10887 8387 5972 4000 2856 2653 3471 5124 7355 9902
12292 14171 15284 15406 14548 12844 10517 8023 5671 3821 2768 2700 3629 5389 7726 10266
12621 14402 15329 15325 14337 12552 10202 7682 5350 3593 2701 2808 3865 5711 8110 10583
12886 14576 15407 15268 14156 12248 9836 7288 5053 3416 2626 2864 4064 6039 8474 10998
13198 14789 15460 15158 13911 11928 9470 6974 4769 3265 2615 2979 4300 6354 8848 11333
13460 14937 15458 15018 13662 11568 9106 6620 4517 3128 2638 3155 4577 6719 9216 11634
13721 15042 15478 14911 13390 11207 8735 6274 4210 2971 2644 3298 4866 7048 9562 11962
13952 15194 15446 14683 13158 10892 8389 5931 3988 2837 2659 3482 5119 7404 9927 12334
14230 15289 15420 14569 12858 10540 8029 5638 3793 2800 2721 3665 5412 7768 10248 12604
14408 15376 15345 14355 12523 10174 7643 5322 3610 2700 2802 3838 5705 8121 10658 12934
14562 15400 15249 14152 12212 9801 7260 5037 3428 2656 2882 4101 6061 8470 10996 13188
14755 15474 15169 13916 11909 9452 6958 4773 3244 2660 3012 4320 6366 8830 11327 13470
14918 15488 15049 13653 11571 9072 6572 4492 3076 2598 3161 4601 6710 9211 11686 13744
15063 15488 14869 13381 11188 8705 6288 4264 2977 2632 3287 4834 7067 9591 12000 13975
15168 15434 14716 13104 10860 8337 5912 3971 2831 2695 3478 5138 7437 9884 12317 14222
15275 15423 14547 12826 10544 7980 5611 3776 2755 2727 3670 5444 7773 10281 12616 14409
15393 15350 14355 12532 10176 7636 5335 3598 2700 2800 3851 5725 8112 10650 12950 14632
15392 15244 14105 12187 9785 7273 5039 3421 2684 2890 4087 6113 8489 11012 13219 14768
15452 15142 13878 11898 9444 6975 4726 3254 2629 3048 4348 6404 8866 11356 13512 14935
15471 15002 13609 11570 9076 6571 4462 3091 2657 3147 4595 6749 9246 11701 13754 15060
15458 14850 13401 11216 8725 6260 4222 2940 2641 3281 4844 7052 9602 12013 13991 15211
15456 14732 13071 10850 8310 5917 4005 2834 2661 3439 5107 7420 9972 12362 14225 15298
15392 14527 12786 10491 7964 5587 3758 2760 2704 3656 5438 7809 10337 12658 14422 15372
15337 14310 12523 10129 7612 5273 3566 2693 2806 3903 5779 8180 10696 12949 14631 15442
15248 14123 12167 9763 7283 5003 3387 2646 2883 4109 6085 8501 11042 13243 14796 15475
15116 13892 11859 9409 6895 4701 3217 2638 3023 4365 6412 8873 11354 13486 14924 15460
15022 13650 11574 9034 6562 4468 3058 2587 3125 4599 6750 9240 11722 13756 15088 15465
14845 13343 11180 8682 6218 4233 2937 2649 3341 4889 7105 9619 12017 13986 15206 15463
14722 13108 10865 8347 5919 4016 2865 2680 3460 5132 7439 9965 12374 14204 15289 15399
14471 12793 10474 7952 5570 3756 2734 2703 3688 5464 7812 10355 12660 14438 15345 15321
14300 12453 10124 7611 5309 3548 2699 2833 3909 5769 8149 10678 12945 14636 15450 15218
14089 12157 9755 7224 4996 3396 2651 2900 4129 6089 8509 11023 13236 14768 15453 15148
13884 11850 9400 6872 4710 3191 2613 3016 4339 6412 8906 11352 13495 14930 15479 14987
13652 11508 9055 6563 4440 3044 2654 3147 4638 6762 9268 11744 13795 15088 15482 14872
13370 11173 8688 6197 4229 2941 2622 3312 4897 7140 9641 12060 14009 15192 15432 14706
13051 10819 8292 5899 3963 2864 2686 3478 5160 7488 10009 12384 14234 15292 15401 14526
12784 10462 7923 5559 3738 2767 2750 3696 5466 7806 10373 12706 14444 15362 15321 14321
12446 10101 7595 5271 3568 2721 2803 3901 5772 8168 10690 12982 14649 15438 15233 14077
12172 9761 7232 4964 3359 2637 2907 4136 6116 8564 11030 13249 14817 15480 15147 13837
11842 9406 6907 4729 3208 2611 2996 4336 6430 8910 11416 13546 14972 15484 15029 13630
11518 9045 6540 4461 3064 2594 3144 4610 6751 9277 11744 13802 15119 15488 14808 13333
11122 8632 6199 4210 2949 2662 3332 4902 7103 9613 12038 14025 15213 15463 14700 13066
10813 8280 5887 3957 2823 2665 3517 5152 7458 9997 12371 14238 15290 15405 14502 12754
10460 7904 5547 3754 2742 2757 3714 5477 7844 10352 12672 14455 15368 15330 14318 12480
10091 7518 5243 3534 2701 2826 3933 5808 8210 10712 12999 14664 15471 15263 14090 12142
9756 7208 5000 3384 2654 2935 4158 6128 8573 11050 13251 14820 15511 15130 13828 11808
9393 6881 4693 3221 2620 3022 4355 6453 8918 11428 13551 14976 15495 14976 13584 11468
8988 6552 4447 3087 2645 3147 4623 6789 9296 11772 13803 15092 15478 14868 13336 11130
8622 6178 4177 2946 2658 3351 4897 7144 9638 12062 14023 15194 15430 14662 13026 10805
8254 5858 3929 2812 2683 3526 5209 7470 10016 12398 14254 15290 15377 14498 12763 10420
7890 5552 3746 2785 2714 3718 5502 7886 10397 12709 14476 15375 15299 14278 12450 10102
7548 5231 3506 2707 2831 3933 5830 8201 10748 12968 14634 15449 15204 14051 12133 9738
7193 4925 3445 2665 2896 4114 6151 8572 11081 13335 14800 15439 15116 13812 11831 9360
6842 4667 3198 2610 3042 4414 6465 8928 11420 13529 14976 15504 15008 13560 11453 9024
6533 4430 3076 2611 3165 4657 6788 9309 11756 13784 15067 15465 14844 13298 11145 8627
6184 4197 2944 2651 3350 4918 7179 9673 12100 14058 15209 15434 14662 13059 10777 8276
5841 3928 2849 2672 3531 5223 7522 10052 12406 14268 15290 15380 14460 12722 10409 7920
5566 3738 2752 2748 3704 5527 7872 10396 12720 14448 15356 15341 14301 12428 10056 7563
5275 3525 2672 2810 3893 5795 8201 10740 13033 14669 15438 15244 14039 12107 9681 7204
4972 3345 2626 2900 4165 6158 8585 11089 13265 14802 15439 15094 13832 11808 9342 6864
4664 3180 2606 3038 4417 6483 8961 11436 13540 14950 15467 14993 13588 11462 8977 6488
4409 3064 2623 3209 4664 6805 9302 11763 13785 15068 15435 14856 13309 11069 8627 6196
4176 2925 2630 3347 4932 7146 9680 12091 14026 15228 15453 14688 13047 10778 8222 5852
3945 2853 2692 3529 5245 7517 10042 12397 14244 15296 15396 14494 12732 10426 7868 5524
3743 2772 2731 3690 5536 7884 10390 12725 14454 15356 15316 14299 12427 10071 7541 5250
3527 2680 2798 3918 5854 8250 10755 13011 14643 15424 15234 14082 12116 9683 7162 4977
3342 2625 2897 4148 6134 8572 11100 13320 14840 15449 15100 13809 11777 9310 6824 4650
3183 2608 3028 4404 6484 8977 11474 13586 14983 15490 14996 13556 11407 8950 6485 4444
3068 2630 3128 4660 6837 9323 11765 13824 15108 15458 14804 13277 11118 8619 6175 4179
2914 2625 3366 4934 7180 9688 12105 14051 15223 15460 14683 13038 10775 8276 5830 3912
2812 2674 3522 5229 7518 10072 12430 14284 15323 15395 14482 12727 10411 7838 5506 3718
2725 2733 3722 5530 7881 10422 12749 14492 15405 15289 14256 12406 10021 7532 5237 3544
2687 2825 3912 5827 8226 10776 13052 14688 15428 15208 14045 12107 9669 7151 4943 3354
2662 2936 4187 6174 8604 11111 13272 14807 15460 15083 13827 11794 9337 6800 4666 3172
2602 3071 4406 6478 8960 11452 13590 14989 15468 14974 13544 11449 8968 6488 4398 3014
2621 3181 4668 6861 9368 11778 13797 15104 15454 14807 13262 11101 8608 6156 4156 2911
2626 3340 4930 7178 9715 12138 14069 15255 15449 14668 13036 10746 8239 5829 3898 2803
2705 3538 5233 7525 10084 12458 14278 15332 15360 14456 12706 10383 7870 5584 3712 2728
2735 3704 5565 7924 10422 12714 14457 15398 15318 14270 12381 10036 7529 5206 3505 2718
2852 3968 5870 8247 10784 13051 14661 15422 15197 14064 12099 9669 7182 4937 3356 2655
2952 4186 6163 8636 11136 13340 14841 15492 15116 13824 11747 9317 6830 4672 3180 2580
3070 4426 6528 9000 11472 13573 14997 15506 14954 13530 11447 8968 6454 4392 3021 2623
3208 4686 6828 9336 11760 13817 15088 15469 14827 13278 11064 8588 6144 4120 2913 2652
3386 4963 7200 9718 12147 14064 15226 15456 14664 12960 10727 8207 5811 3947 2838 2683
3512 5269 7553 10054 12433 14264 15336 15392 14496 12699 10364 7846 5518 3707 2740 2755
3719 5559 7873 10429 12736 14468 15368 15283 14265 12383 10045 7521 5216 3540 2692 2865
3973 5879 8294 10803 13051 14703 15452 15207 14040 12070 9662 7151 4937 3337 2659 2930
4176 6198 8631 11154 13335 14840 15490 15109 13784 11753 9313 6824 4662 3174 2631 3095
4462 6544 8992 11473 13582 14988 15461 14981 13554 11437 8929 6462 4381 3065 2647 3232
4679 6868 9394 11859 13858 15144 15484 14821 13260 11078 8574 6152 4149 2916 2646 3385
5000 7241 9752 12144 14088 15212 15423 14614 12958 10701 8180 5776 3902 2816 2673 3539
5258 7564 10063 12478 14296 15338 15381 14437 12674 10353 7822 5472 3663 2714 2741 3741
5556 7932 10449 12783 14508 15413 15304 14245 12366 9976 7466 5175 3512 2673 2837 3932
5878 8261 10790 13056 14685 15434 15223 14033 12067 9667 7120 4913 3312 2628 2923 4189
6196 8658 11143 13325 14841 15453 15122 13784 11744 9291 6783 4622 3144 2619 3066 4470
6537 9017 11512 13579 14986 15454 14946 13529 11380 8902 6437 4386 3029 2611 3241 4684
6865 9387 11814 13865 15124 15461 14789 13241 11067 8548 6112 4140 2932 2656 3357 4969
7229 9754 12161 14097 15259 15452 14617 12960 10679 8164 5744 3890 2823 2718 3565 5257
7592 10141 12482 14294 15306 15345 14423 12648 10333 7825 5491 3701 2741 2766 3762 5607
7969 10443 12755 14505 15396 15288 14197 12368 9982 7485 5174 3470 2656 2866 4002 5879
8283 10829 13086 14722 15454 15217 14002 12046 9643 7125 4915 3336 2644 2980 4203 6245
8672 11164 13357 14860 15493 15096 13771 11724 9256 6774 4584 3154 2608 3053 4450 6528
9027 11498 13593 15004 15458 14966 13497 11351 8892 6417 4356 3036 2621 3210 4720 6899
9426 11852 13879 15154 15473 14822 13248 11058 8529 6086 4106 2902 2629 3402 5020 7224
9776 12169 14097 15238 15400 14620 12947 10677 8140 5771 3905 2806 2682 3574 5276 7606
10132 12499 14308 15361 15377 14449 12652 10305 7775 5434 3704 2745 2742 3756 5580 7947
10483 12759 14544 15396 15306 14213 12360 9987 7465 5179 3488 2686 2863 4001 5925 8330
10831 13097 14695 15462 15228 14010 12042 9586 7068 4878 3299 2653 2978 4238 6233 8675
11194 13380 14898 15466 15070 13751 11717 9256 6759 4609 3152 2605 3069 4448 6565 9045
11525 13622 15030 15499 14960 13523 11361 8856 6397 4384 3048 2633 3232 4734 6910 9410
11900 13901 15126 15454 14771 13218 11021 8526 6070 4111 2876 2654 3408 5013 7254 9804
12208 14123 15256 15392 14627 12954 10672 8135 5734 3892 2814 2696 3600 5313 7633 10142
12504 14319 15336 15355 14411 12665 10316 7802 5454 3646 2729 2742 3773 5649 7972 10501
12815 14543 15418 15304 14233 12334 9934 7405 5126 3473 2683 2878 4004 5953 8352 10876
13096 14694 15465 15185 13994 12024 9574 7080 4858 3277 2621 2938 4234 6249 8735 11218
13356 14865 15489 15112 13761 11695 9192 6712 4610 3150 2618 3068 4494 6564 9048 11560
13647 15033 15498 14919 13476 11346 8861 6397 4357 2995 2608 3246 4733 6908 9439 11894
13904 15127 15438 14803 13209 10973 8502 6068 4102 2889 2596 3392 5044 7296 9780 12180
14126 15265 15435 14592 12932 10673 8149 5736 3847 2784 2708 3609 5336 7636 10137 12486
14323 15330 15358 14434 12644 10311 7772 5420 3648 2736 2792 3785 5634 7980 10517 12813
14544 15387 15273 14195 12319 9967 7426 5141 3482 2658 2834 4002 5906 8362 10882 13116
14725 15460 15205 14004 12008 9600 7090 4876 3320 2645 2960 4249 6242 8726 11230 13386
14905 15486 15100 13750 11698 9226 6713 4561 3124 2635 3088 4504 6597 9100 11558 13646
15008 15454 14910 13450 11316 8835 6382 4342 3012 2644 3292 4768 6959 9444 11909 13893
15144 15457 14757 13179 10965 8452 6019 4087 2887 2660 3400 5022 7284 9788 12192 14112
15259 15434 14570 12894 10630 8120 5733 3874 2805 2734 3583 5332 7635 10157 12523 14336
15343 15336 14415 12621 10295 7772 5425 3667 2712 2751 3794 5626 8032 10553 12826 14530
15390 15260 14174 12301 9934 7414 5144 3448 2690 2860 4026 5931 8337 10850 13114 14737
15426 15176 13974 11996 9532 7050 4829 3261 2599 2995 4260 6295 8730 11225 13410 14900
15477 15053 13707 11661 9173 6681 4554 3103 2633 3117 4518 6615 9092 11551 13672 15037
15497 14948 13472 11343 8830 6356 4287 2995 2629 3255 4805 6995 9468 11882 13901 15161
15463 14775 13191 10976 8444 6006 4064 2917 2694 3422 5026 7315 9830 12245 14150 15284
15422 14575 12874 10638 8079 5739 3859 2794 2724 3628 5356 7679 10172 12523 14334 15310
15356 14415 12622 10253 7724 5397 3668 2736 2784 3836 5652 8050 10579 12866 14516 15421
15257 14162 12292 9886 7400 5116 3426 2670 2862 4024 5986 8410 10928 13139 14726 15434
15143 13941 11984 9532 7035 4847 3291 2670 2986 4258 6275 8770 11236 13439 14915 15485
15056 13679 11638 9176 6676 4527 3111 2621 3106 4535 6640 9167 11623 13668 15055 15449
14908 13458 11316 8836 6360 4318 2989 2621 3242 4784 6996 9532 11910 13918 15166 15446
14746 13170 10939 8425 5983 4060 2869 2633 3446 5074 7314 9854 12218 14132 15268 15394
14555 12869 10588 8078 5694 3824 2753 2676 3583 5355 7700 10243 12575 14387 15368 15350
14369 12598 10239 7744 5381 3647 2721 2791 3842 5674 8061 10602 12858 14578 15417 15286
14177 12286 9875 7357 5080 3437 2662 2899 4027 5977 8400 10936 13166 14768 15461 15194
13942 11985 9529 7012 4815 3274 2618 2970 4258 6288 8770 11264 13439 14913 15480 15051
13683 11608 9120 6639 4538 3100 2621 3126 4553 6643 9114 11588 13680 15037 15453 14896
13412 11304 8798 6348 4314 3008 2645 3276 4806 6997 9489 11920 13911 15168 15438 14760
13197 10912 8403 5999 4057 2896 2665 3426 5093 7362 9858 12248 14162 15282 15423 14584
12860 10568 8075 5685 3843 2804 2693 3616 5393 7732 10208 12566 14392 15385 15351 14380
12605 10238 7676 5344 3624 2725 2804 3843 5688 8061 10576 12850 14558 15430 15286 14156
12248 9849 7330 5113 3462 2676 2891 4035 5985 8426 10938 13177 14764 15464 15166 13912
11923 9484 6989 4797 3283 2646 2992 4297 6322 8782 11301 13452 14906 15460 15013 13667
11596 9124 6655 4537 3135 2620 3111 4536 6644 9130 11617 13675 15048 15481 14912 13412
11252 8748 6345 4294 3048 2634 3263 4795 7015 9533 11956 13962 15160 15436 14732 13151
10928 8410 5983 4020 2865 2688 3436 5068 7340 9880 12278 14179 15280 15420 14582 12851
10632 8085 5675 3806 2776 2714 3641 5392 7739 10234 12595 14371 15368 15360 14380 12574
10200 7682 5386 3628 2701 2773 3824 5680 8087 10596 12888 14582 15413 15260 14181 12270
9867 7316 5098 3438 2642 2864 4070 6021 8427 10948 13182 14715 15448 15204 13919 11912
9514 6986 4830 3248 2621 3008 4315 6316 8798 11309 13452 14926 15492 15024 13671 11589
9100 6629 4508 3129 2629 3131 4567 6665 9151 11624 13705 15064 15442 14914 13426 11263
8745 6279 4253 2984 2640 3290 4802 7011 9528 11971 13947 15166 15433 14746 13144 10920
8392 5969 4056 2882 2660 3423 5080 7353 9927 12274 14165 15252 15412 14565 12868 10561
8022 5655 3812 2785 2727 3662 5412 7730 10264 12549 14374 15336 15326 14354 12548 10195
7672 5321 3577 2719 2813 3853 5687 8073 10596 12908 14600 15439 15258 14135 12223 9825
7316 5049 3423 2678 2911 4068 6036 8467 10978 13174 14779 15469 15162 13929 11934 9504
6966 4798 3243 2629 2985 4303 6343 8823 11307 13448 14902 15444 15012 13640 11574 9103
6613 4526 3125 2636 3123 4547 6681 9201 11656 13686 15052 15455 14872 13423 11265 8748
6271 4283 2982 2662 3308 4814 7017 9522 11950 13949 15168 15458 14733 13126 10905 8367
5988 4051 2876 2682 3481 5120 7390 9920 12302 14170 15256 15408 14556 12865 10548 8025
5637 3785 2794 2713 3619 5383 7716 10261 12606 14398 15335 15344 14367 12567 10197 7647
5330 3602 2714 2796 3833 5696 8084 10618 12910 14592 15412 15233 14112 12257 9865 7312
5072 3392 2647 2895 4056 6050 8451 11015 13185 14784 15469 15147 13948 11892 9484 6987
4766 3244 2623 3026 4296 6368 8818 11309 13447 14909 15459 15012 13682 11574 9122 6632
4515 3110 2597 3114 4575 6688 9181 11633 13689 15039 15459 14875 13396 11255 8730 6315
4257 2965 2644 3278 4837 7030 9566 11944 13966 15171 15450 14714 13126 10878 8362 5949
4028 2890 2681 3457 5114 7370 9910 12282 14188 15258 15394 14527 12833 10541 8030 5659
3812 2758 2700 3622 5442 7759 10295 12638 14383 15354 15320 14339 12530 10170 7673 5320
3623 2721 2793 3878 5721 8072 10642 12914 14587 15392 15211 14128 12236 9854 7323 5032
3390 2634 2874 4085 5993 8472 10950 13200 14756 15431 15128 13873 11893 9432 6920 4743
3238 2640 3031 4372 6373 8834 11323 13478 14943 15470 15017 13656 11574 9091 6572 4466
3094 2609 3140 4550 6716 9218 11691 13757 15100 15484 14894 13393 11225 8728 6293 4221
2943 2618 3322 4854 7067 9566 11976 13987 15215 15462 14710 13102 10852 8372 5944 4039
2874 2647 3438 5137 7385 9935 12304 14172 15262 15383 14533 12826 10546 8016 5646 3807
2789 2750 3679 5436 7748 10280 12608 14408 15335 15333 14315 12493 10186 7651 5292 3580
2691 2803 3860 5725 8102 10673 12932 14601 15447 15240 14128 12197 9791 7280 5012 3406
2665 2909 4108 6078 8523 11022 13215 14764 15449 15136 13884 11876 9422 6925 4730 3258
2632 3022 4350 6410 8868 11368 13480 14954 15472 15008 13604 11534 9050 6593 4483 3090
2626 3137 4582 6733 9229 11690 13735 15062 15449 14870 13390 11192 8717 6250 4244 2968
2662 3346 4902 7100 9591 12041 13978 15203 15433 14713 13082 10834 8326 5904 3983 2835
2695 3473 5161 7445 9937 12314 14200 15299 15410 14545 12802 10515 7964 5604 3773 2786
2748 3680 5467 7802 10335 12635 14405 15390 15365 14340 12506 10127 7580 5280 3556 2708
2823 3904 5753 8138 10650 12945 14628 15450 15263 14109 12169 9756 7240 4993 3364 2646
2894 4087 6115 8516 11038 13244 14814 15472 15102 13836 11848 9390 6912 4711 3218 2626
3052 4348 6387 8865 11356 13467 14909 15453 14988 13649 11545 9048 6562 4433 3061 2627
3172 4613 6778 9268 11730 13772 15081 15463 14865 13344 11104 8659 6240 4208 2937 2640
3284 4860 7082 9590 12022 14004 15180 15412 14697 13059 10834 8296 5911 3976 2858 2660
3511 5164 7486 9991 12392 14232 15305 15394 14497 12779 10466 7926 5560 3760 2768 2731
3724 5476 7821 10358 12685 14437 15386 15324 14333 12463 10116 7562 5252 3587 2702 2831
3913 5777 8190 10698 12965 14625 15414 15218 14088 12172 9750 7256 4998 3348 2638 2922
4127 6083 8563 11071 13264 14809 15478 15123 13832 11850 9400 6898 4697 3214 2614 3005
4364 6420 8900 11376 13512 14932 15495 14996 13625 11488 9043 6550 4457 3080 2620 3148
4598 6760 9236 11724 13804 15111 15466 14831 13342 11177 8651 6222 4204 2919 2613 3338
4888 7143 9641 12084 14020 15190 15432 14678 13071 10809 8282 5913 3978 2828 2672 3498
5185 7494 10013 12352 14225 15307 15398 14487 12752 10481 7918 5558 3772 2764 2727 3651
5490 7846 10360 12686 14427 15351 15314 14295 12475 10105 7596 5280 3556 2663 2789 3902
5789 8274 10712 12993 14627 15414 15205 14069 12171 9747 7209 4966 3394 2625 2894 4158
6146 8550 11066 13231 14772 15476 15146 13856 11816 9388 6869 4720 3205 2600 3022 4388
6464 8911 11378 13526 14963 15503 14991 13560 11501 9025 6536 4441 3057 2627 3185 4599
6776 9295 11704 13775 15104 15480 14832 13320 11174 8660 6192 4205 2947 2621 3343 4912
7112 9632 12064 14031 15222 15432 14662 13070 10804 8280 5860 3987 2868 2657 3495 5193
7461 9992 12372 14219 15315 15384 14498 12779 10460 7900 5550 3752 2753 2743 3707 5459
7828 10353 12663 14440 15369 15315 14329 12467 10111 7563 5253 3528 2680 2820 3935 5816
8202 10698 12970 14622 15446 15254 14071 12156 9723 7198 4992 3389 2672 2981 4136 6139
8531 11057 13243 14778 15544 15122 13850 11808 9356 6868 4725 3234 2648 3058 4396 6410
8915 11420 13538 14976 15508 14988 13590 11474 9015 6552 4450 3084 2623 3186 4669 6758
9275 11737 13762 15073 15450 14853 13343 11157 8664 6200 4176 2921 2627 3321 4918 7155
9649 12088 14014 15200 15428 14677 13065 10811 8270 5871 3935 2830 2690 3504 5194 7503
10015 12369 14228 15302 15409 14497 12734 10419 7927 5558 3772 2744 2715 3727 5512 7828
10346 12733 14466 15344 15321 14285 12437 10096 7591 5243 3529 2717 2843 3892 5792 8197
10721 12997 14642 15426 15194 14086 12158 9750 7223 4960 3352 2635 2877 4134 6116 8566
11080 13244 14818 15491 15119 13838 11811 9363 6870 4687 3188 2594 3025 4380 6457 8939
11401 13515 14992 15478 14980 13596 11496 9032 6530 4440 3044 2605 3194 4637 6772 9273
11772 13795 15077 15477 14869 13302 11119 8633 6210 4160 2905 2660 3349 4917 7145 9667
12045 14038 15223 15417 14682 13068 10790 8270 5870 3978 2815 2700 3529 5187 7500 10022
12383 14226 15317 15410 14479 12752 10459 7928 5566 3772 2737 2742 3679 5486 7834 10390
12703 14448 15349 15342 14289 12479 10099 7541 5274 3570 2676 2813 3929 5792 8202 10731
13004 14627 15405 15245 14094 12132 9719 7211 4959 3376 2659 2898 4154 6131 8543 11038
13265 14832 15500 15109 13828 11824 9383 6877 4714 3221 2584 3012 4380 6441 8945 11422
13546 14947 15470 14997 13601 11516 8993 6525 4405 3051 2637 3184 4625 6784 9266 11737
13816 15083 15458 14864 13339 11124 8631 6192 4216 2940 2631 3331 4907 7144 9655 12062
14013 15228 15453 14670 13027 10806 8253 5892 3975 2811 2655 3520 5201 7461 10012 12414
14272 15313 15364 14481 12771 10444 7911 5539 3734 2724 2751 3722 5488 7833 10393 12708
14460 15396 15316 14293 12443 10087 7552 5266 3548 2705 2808 3902 5828 8220 10715 12973
14617 15422 15226 14091 12136 9729 7196 4978 3366 2618 2872 4158 6134 8552 11080 13259
14844 15441 15104 13855 11812 9356 6844 4710 3227 2630 3026 4370 6444 8946 11412 13525
14966 15455 14987 13568 11500 9013 6500 4414 3084 2631 3166 4651 6772 9280 11754 13793
15112 15480 14824 13338 11168 8658 6188 4177 2924 2615 3355 4924 7142 9665 12062 14020
15228 15453 14640 13033 10810 8296 5860 3944 2829 2682 3511 5178 7472 10035 12425 14225
15301 15411 14500 12734 10433 7923 5559 3727 2728 2762 3706 5506 7841 10368 12709 14472
15400 15328 14272 12425 10092 7568 5237 3537 2709 2828 3930 5816 8238 10739 12978 14624
15457 15264 14054 12113 9746 7190 4992 3377 2669 2936 4136 6125 8550 11064 13250 14830
15471 15142 13847 11805 9372 6836 4696 3207 2608 3048 4393 6480 8963 11441 13567 14962
15492 14968 13584 11446 8980 6489 4408 3060 2643 3192 4627 6800 9277 11762 13806 15126
15460 14842 13290 11108 8624 6201 4197 2925 2621 3310 4952 7155 9680 12103 14052 15238
15444 14680 13056 10778 8244 5847 3943 2837 2706 3534 5221 7494 10014 12390 14263 15312
15408 14509 12760 10432 7899 5534 3714 2752 2763 3716 5503 7847 10371 12725 14472 15395
15344 14260 12417 10068 7532 5251 3538 2703 2835 3926 5810 8213 10736 13009 14671 15446
15256 14080 12104 9698 7189 4960 3371 2660 2893 4122 6146 8588 11112 13313 14803 15480
15104 13838 11811 9336 6828 4687 3185 2571 3068 4396 6458 8962 11453 13566 14977 15454
14959 13597 11480 8951 6475 4432 3076 2616 3174 4644 6821 9313 11784 13795 15086 15446
14830 13316 11101 8601 6204 4184 2919 2623 3349 4924 7191 9691 12092 14028 15201 15419